1.053199
0.944167
2.076784
2.781067
1.139847
1.152739
1.649666
0.970185
1.18135
1.208651
1.130007
1.104605
7.696704
2.857193
1.184296
1.209409
7.326996
2.786857
1.232218
0.993904
8.219727
5.122196
1.122346
1.18091
1.015731
0.947708
1.012755
1.096286
14.80086
6.832715
2.283461
1.138259
1.080468
1.226926
1.145365
1.203592
1.562519
1.737228
4.890671
14.988499
5.099179
0.910421
3.190479
1.562378
1.161199
3.870791
1.950561
1.13613
1.043453
1.225287
1.126798
5.419855
1.062058
1.117542
0.932278
1.133102
4.266633
1.069753
1.210207
0.925068
4.621089
1.173919
1.113192
1.100642
1.162538
0.875566
5.772527
1.143955
1.095417
1.117405
0.877243
1.002867
1.033428
0.946551
2.997864
1.142926
6.10161
1.175367
1.001685
0.951799
1.3588
1.057882
1.052053
0.897975
1.288224
13.936134
13.753793
3.788591
1.346038
1.151566
1.153208
4.250114
3.850709
4.215071
1.075296
0.966744
8.274784
1.25866
1.226602
1.001052
1.494808
13.017877
6.952752
1.107937
1.141819
0.963934
1.215721
1.258515
10.83514
6.571219
1.269993
1.219949
1.082885
1.08928
1.042051
1.030933
1.387763
2.669198
1.361976
17.170175
7.045625
1.25491
1.100865
1.227205
4.807595
11.064443
1.246954
1.336165
1.238105
1.068749
1.194996
5.756174
1.221741
0.9877
1.127544
1.217618
1.192594
5.423309
1.032959
1.167171
1.28232
13.168437
3.008509
1.047493
1.294349
1.35259
1.130354
1.063695
3.818036
1.428091
1.13779
0.932847
1.129172
1.146955
0.958976
1.279519
6.48196
1.09722
1.079581
1.225918
1.166457
1.233692
1.153622
1.247461
4.17912
5.079844
1.055414
1.012927
1.368135
1.259556
1.218461
1.719035
1.151153
1.073425
14.206953
14.985449
5.049726
2.857476
1.228743
9.49478
0.999783
0.929288
1.236136
1.051434
1.201324
1.220573
1.2963
1.051282
0.953987
7.693146
2.306375
1.169177
1.436688
1.139093
0.970315
1.180248
6.843303
7.015314
1.15548
0.918495
1.172313
0.986973
1.141862
1.258558
4.027194
1.130653
1.100709
1.229362
1.163391
1.187562
1.449402
1.172769
0.936157
11.12713
1.092326
1.109417
1.256798
1.18634
1.288219
2.478238
1.131197
1.314573
0.900041
1.189032
1.093034
0.9667
1.133628
6.098979
1.290898
1.140539
1.16065
0.916869
1.187177
1.173076
1.272257
1.118628
1.076638
13.645648
3.525348
1.27163
1.157261
0.882329
3.154312
0.961306
1.135475
1.239164
1.090499
1.228362
1.010562
1.148493
1.242289
1.050866
7.793312
2.73297
1.231574
1.13532
1.196992
6.398998
1.113059
3.169167
1.167379
1.520126
1.069995
15.315978
5.303968
1.29813
1.201956
1.838244
1.422515
9.394506
1.145344
1.037015
1.038012
1.06263
1.094678
1.232392
1.569276
15.968473
10.913101
0.983429
1.399759
1.019054
1.097445
1.208661
1.115876
0.855317
13.215428
8.087984
0.833928
1.307322
0.98643
1.107058
1.000206
9.01044
4.105149
1.134603
1.154721
1.061085
0.94493
0.937949
5.286284
1.084539
1.538921
1.264027
0.986705
1.250197
1.126575
2.039236
1.069948
1.340863
3.079975
13.995976
4.060721
0.967791
1.010335
1.074619
1.317018
13.922607
9.269169
0.946335
1.120848
1.137273
1.195349
0.861597
0.967348
1.039239
15.006671
9.087846
1.084298
0.977065
1.632446
2.154899
1.973236
1.114511
1.05433
1.090506
1.415955
6.72798
1.75526
1.023
9.516903
0.889626
1.997721
1.02864
1.121786
1.141673
1.221499
8.076571
1.122376
0.928859
1.032025
1.369772
1.076327
0.903366
1.193109
1.02863
7.224557
9.19107
8.492641
0.901875
1.498743
1.271559
1.39983
2.493882
1.261054
1.195844
2.105747
1.328902
1.416371
0.908798
1.222554
1.668585
4.091928
0.98778
0.966142
1.189959
0.945616
1.002894
1.106857
1.368888
2.96843
1.103351
1.555206
1.313576
1.146114
0.945842
1.19618
1.214694
6.50113
1.143825
1.828951
1.151396
1.123059
1.113053
1.11356
1.14829
1.184836
0.982202
14.497665
13.062424
3.191364
1.185672
1.146279
1.107331
1.211043
7.173506
1.087841
2.121246
1.320275
1.814837
0.871982
0.883014
2.839304
7.268948
1.561816
1.240258
3.859693
1.195648
1.277731
7.384534
1.197473
1.01541
1.433081
1.271689
1.064858
1.241793
1.174529
1.114181
11.928664
2.045541
1.109564
1.087174
1.084524
1.103928
1.227905
0.854239
6.049001
0.92478
2.001341
1.086468
1.102185
1.008389
1.134802
1.046216
1.13465
14.401343
9.796591
0.975996
1.222777
1.274978
3.505722
1.248909
1.300285
1.213615
0.976447
1.29145
1.137269
1.09963
1.16273
5.19001
1.026926
1.193072
1.252116
1.157294
1.084721
0.95443
8.015084
1.101345
0.967745
1.049453
1.186359
0.97561
1.183246
1.257127
1.187502
1.300719
6.088699
1.099555
1.010643
1.118606
1.135067
1.179628
1.146557
4.30639
0.971138
1.193195
2.452358
1.779293
1.140419
1.153596
1.058169
1.101753
1.13039
1.249867
12.144484
2.315338
4.047943
0.999104
1.288933
6.451304
1.08446
0.942946
1.135507
1.205865
1.620664
1.205465
1.045575
1.280527
7.565122
1.281322
1.235283
1.578022
0.97752
1.130157
1.217063
1.227306
7.312569
9.771702
12.441621
2.273603
1.124274
1.208576
1.211941
3.457723
0.963675
1.146874
1.076208
1.036284
1.211767
1.223192
0.80886
1.217298
2.808572
6.113064
1.084919
1.138181
0.906994
1.173119
0.883757
1.170264
1.580513
0.943029
12.261779
14.059548
4.056845
1.175191
2.061394
1.126935
1.678976
1.12885
2.116213
1.281769
1.379484
1.126866
1.562077
1.403225
9.073365
0.807797
1.071923
1.092028
0.942166
1.08572
0.918356
1.110565
4.155306
3.185495
0.95122
1.303233
0.916897
1.220752
0.892031
1.156351
3.38216
3.001014
1.318627
1.074213
7.216062
1.75697
1.146604
1.278185
1.051997
14.799225
7.564941
1.035104
1.186463
1.258377
1.041793
1.247636
1.260066
1.042741
1.267882
13.609491
14.733331
4.844879
1.099114
1.270198
8.322001
0.952088
1.176126
0.94415
1.057951
1.098825
1.132665
3.54141
0.949897
3.377607
1.230158
1.14926
0.895192
1.277907
1.20092
1.300036
10.064304
0.80326
1.037
4.383799
1.065311
1.023517
1.043296
8.082261
1.231941
1.213552
1.139189
1.531542
1.013391
1.140203
1.371411
1.435963
1.105814
15.837966
5.763741
1.223621
1.24576
1.160237
1.254928
7.734787
1.257714
1.210414
19.841755
10.007508
0.719295
0.9819
1.060374
1.205589
1.49133
1.643735
1.244281
1.170435
0.876234
1.033546
1.287057
1.185737
1.083285
1.006343
1.992875
1.765543
0.830526
1.20369
1.183753
8.084227
1.063485
1.088976
1.20337
1.14341
5.297152
1.983027
1.261869
0.995223
1.176439
0.894923
14.351642
4.524069
1.210485
1.341144
0.915373
12.082369
2.132047
1.224459
1.345299
1.160784
1.123239
0.961337
1.064375
0.96411
1.211557
11.34689
7.271148
1.156144
0.88417
1.005543
1.254593
10.664868
1.540962
2.141856
1.246766
6.587604
1.102844
0.873912
0.990964
8.884978
1.06983
1.21681
1.246747
0.984175
1.155015
1.140899
9.053349
1.014059
1.172022
0.98687
1.195207
1.215444
1.286406
1.19224
11.710334
1.722853
1.062828
1.141483
1.11318
1.036845
1.123087
1.139535
6.066327
1.148044
1.065801
1.076581
7.573657
1.259595
1.143599
1.161539
1.194203
0.862878
0.927987
1.075478
1.023648
1.018664
11.731986
22.537575
14.737166
17.58053
15.273789
5.356931
1.140824
1.248637
1.149395
0.938506
1.153709
1.115337
1.065058
16.710155
14.7785
4.906374
1.006157
1.220672
1.189843
3.180209
12.675826
2.836861
3.739783
1.124396
1.060936
0.964758
10.655084
3.623189
1.113311
0.948284
1.294109
1.404026
0.994726
1.115492
4.164239
1.001595
1.050062
1.108005
1.155892
4.769779
0.990675
1.238607
1.134954
0.943692
1.183671
7.145442
11.922641
9.546309
1.137264
1.098881
0.946907
1.032514
9.02602
0.871699
0.923063
2.537729
1.091608
0.927376
5.109158
1.313545
1.265484
9.380984
10.413232
0.969891
1.058284
1.116312
1.111859
1.00954
1.04898
14.807811
4.950083
3.221335
1.218153
1.013743
1.114523
1.15684
9.58924
0.910631
6.302602
1.165458
1.194378
1.217079
0.968797
1.712574
1.275114
10.194515
1.917716
1.822747
1.316162
1.370273
0.880769
1.220544
9.252076
0.651391
1.139442
0.991337
1.296758
0.963619
0.792488
1.202195
1.073065
0.936854
6.851444
1.007549
2.964995
1.197117
1.125762
1.417249
0.986698
0.951352
5.058299
3.229228
0.891315
1.437538
1.085306
1.02293
1.160213
1.09988
5.04935
1.185313
1.081682
1.114032
1.226874
1.042343
1.058587
1.054179
1.072684
1.206411
0.988108
1.274163
11.806706
6.078008
0.921349
1.249011
1.138645
1.16847
1.101086
1.300267
12.351036
6.130078
3.189326
1.167648
1.152033
1.133752
0.993761
1.104774
1.125815
1.123581
16.188174
6.192475
3.928494
1.195825
1.007955
1.075673
1.202439
1.310025
1.227557
0.974191
13.996877
10.37479
0.878169
1.162002
0.898458
6.169476
3.919158
1.107935
0.923162
2.498052
2.209707
1.213975
0.995112
1.093177
1.095633
0.983337
10.26397
0.947864
0.991996
1.009618
1.099726
3.167024
1.108583
0.993594
1.103897
12.067172
2.048191
1.028153
0.919052
1.206173
1.059758
1.245198
1.335819
1.197025
0.872788
8.753047
1.035748
1.030662
2.951674
1.027444
1.188997
4.26212
1.017254
1.148198
2.795694
4.487081
1.152825
4.513904
1.106886
0.937378
1.143366
0.999966
1.148114
1.170749
1.223899
9.194734
0.855057
1.248796
1.13304
1.19315
4.932663
1.156423
1.196776
0.982681
1.118849
16.352243
6.32955
1.171509
3.629812
1.129499
1.109132
1.105831
1.097181
1.024778
1.170143
0.908914
1.208419
0.867031
1.069655
1.140124
5.545269
1.27174
0.867261
1.032313
0.942554
0.994971
10.157279
0.874815
1.081142
0.943805
1.592941
1.164151
1.170174
0.996753
1.115115
1.120949
0.916016
11.423393
1.523943
1.629251
0.831675
0.989551
0.85237
1.124843
1.067121
0.957039
1.294763
0.903537
11.761345
1.798103
1.194096
1.018832
0.957342
1.010011
1.075274
0.877422
1.166594
13.651346
0.970039
1.120586
0.902937
1.044301
1.025197
0.994157
1.113902
0.97966
14.172438
4.200086
1.222985
0.854266
2.232647
1.10128
0.929755
1.134221
1.039854
1.102542
0.960989
9.587758
22.270914
13.250044
3.284905
0.969639
1.170588
0.969817
9.461743
0.881336
1.166391
1.002709
0.91858
1.03072
1.156018
0.981504
1.19545
1.239322
1.368288
1.898191
21.996889
12.077048
2.088644
4.243066
0.950395
1.104955
1.210716
10.872241
0.840495
0.852637
4.007816
1.195409
1.253724
1.11418
0.947553
6.970272
1.294276
1.17758
1.091898
1.182889
0.913869
1.182755
1.132071
6.285958
1.071729
7.932885
0.971154
1.187332
3.200346
1.0735
1.237732
1.381913
1.319076
0.974113
1.139241
9.97521
0.984524
1.206262
1.247702
1.115569
1.175356
0.995547
1.39258
7.307531
2.597769
1.186008
1.274548
17.230317
12.954354
3.20739
0.922107
1.285152
1.273365
1.11142
14.653377
10.111973
0.976168
1.131715
1.173843
1.215838
1.045917
1.216539
1.056589
5.292087
1.109895
1.244775
1.058653
1.264452
1.148021
1.132908
1.167324
10.428286
1.09602
2.853462
1.167766
1.154153
1.031915
1.111561
1.13913
8.651486
1.166715
1.132959
3.622711
1.346804
1.406662
1.185784
1.520178
1.022473
1.135103
1.14133
1.176743
1.035803
9.938029
10.411814
7.474447
1.069786
1.085243
1.258776
9.296608
0.967263
3.529237
1.11426
1.094089
2.638986
1.043451
1.243244
1.241516
8.817807
5.020801
1.24697
1.521948
1.133379
1.097855
1.520188
12.362941
4.134509
1.421959
2.979767
1.189092
1.12355
1.194499
0.969759
1.071202
2.982995
9.510259
4.519115
1.162352
1.230767
1.128099
1.480762
1.19542
1.124706
1.027237
11.654361
1.845644
1.695705
1.05789
1.058019
1.114139
9.085553
1.223303
1.234943
1.237492
3.573992
1.197944
1.024958
0.951072
1.040107
8.952034
1.181517
2.807224
1.117482
0.910565
1.091506
1.136731
0.968915
6.848367
0.932906
1.150254
0.950555
1.136759
1.174944
4.162743
1.200222
11.458579
1.654677
1.092231
0.997194
1.400913
1.140872
1.223346
0.984516
1.215959
1.050307
1.194911
14.473921
4.429783
1.04475
1.25439
1.233776
7.476052
1.134377
5.666956
4.786643
0.997456
1.482041
1.157547
1.120361
12.329211
2.573108
0.895176
0.930049
1.165689
1.213812
1.231688
1.124668
10.614004
1.01559
1.120934
1.2846
1.026585
1.067009
8.014749
1.11906
0.956072
3.476713
1.167207
1.044758
1.113684
1.10045
1.270434
1.180829
7.31059
0.963722
1.183698
1.175905
0.925431
0.968915
1.241649
1.3361
1.021621
13.875616
5.574249
1.130895
1.198055
1.004668
1.088766
1.333552
5.353636
1.147608
1.386602
1.161749
1.251412
1.2426
1.134589
1.196286
1.146817
8.195406
5.34821
1.160167
1.491758
1.208375
1.072874
1.098298
7.00346
1.174796
1.147771
1.128021
1.157804
1.112218
1.010714
7.362036
0.922923
1.112557
1.149897
0.970673
0.8594
1.117469
1.109859
1.175204
1.007814
1.167752
12.268056
2.28489
0.910225
1.129394
1.053605
2.869543
1.13414
1.143994
1.048757
1.076459
1.064358
1.168411
0.911409
0.897904
8.057746
1.191104
1.246772
1.086748
1.225532
1.058123
1.203063
1.256948
7.710846
1.266444
1.032146
0.943692
0.960225
1.453231
0.984758
1.023216
4.277661
10.028573
1.163595
1.166935
1.169436
1.181349
1.245052
1.099989
1.541058
10.115854
1.077681
1.363952
1.00375
1.132907
1.086764
1.072371
1.092961
0.955985
1.725694
1.35141
20.711032
10.735023
0.877454
1.648551
1.191894
12.238922
5.781671
0.906974
1.105424
3.742385
1.059929
1.190484
1.18929
7.335481
1.170647
1.154746
1.009579
1.089996
1.540245
1.094855
1.132936
0.980704
8.508499
2.770482
1.048333
1.119438
1.231166
0.994409
1.207729
4.216882
9.673463
8.53743
0.722195
1.009612
1.175435
1.111223
0.889195
0.909867
0.864784
0.984364
1.02167
3.349586
15.781877
5.840004
0.915464
1.121668
9.266638
3.221919
1.13131
6.799721
1.63393
2.186449
0.83935
1.08145
5.990464
1.830018
1.329401
1.26346
1.215001
1.025199
1.341808
1.164891
0.914158
7.029357
1.011429
1.096702
1.232012
1.164388
1.100329
1.008164
0.953134
8.373754
1.847943
1.138174
0.805286
0.85041
1.024508
1.039027
1.070056
1.201372
12.38067
15.206024
5.309349
1.099546
1.193968
1.194372
1.850902
1.484451
1.557184
1.044885
1.159224
1.176313
1.073172
1.264007
7.07853
0.867716
1.114404
1.250823
1.21386
0.956031
1.020017
2.207245
1.069068
1.087428
1.841499
1.198438
1.347295
1.269731
1.163882
1.149461
8.818976
1.095241
1.150183
1.123909
1.291089
1.658674
1.18885
1.165199
11.167141
3.900897
1.048089
1.1093
1.090098
1.144831
1.121049
1.072248
1.284598
1.138492
13.649389
3.615028
1.168391
1.034786
0.994802
1.435346
4.245854
1.280607
0.994228
0.960946
2.780372
1.585008
1.527672
0.938425
6.800312
5.68059
0.935736
1.12058
1.177296
1.007577
3.911973
0.949409
1.178646
14.47588
4.566825
0.89895
1.094626
1.237351
0.963377
1.002548
1.107516
12.462113
5.314129
0.86101
1.438635
1.22008
1.254799
0.971223
0.993114
7.452
5.161182
1.120882
1.055335
0.957919
1.132882
1.094231
1.060431
1.31237
3.056816
16.921848
6.910053
1.259942
1.151862
1.245355
1.233642
9.176006
6.029576
1.083
1.198899
1.202813
6.448975
1.133196
1.111012
3.105043
5.101302
1.172172
0.990748
1.155901
1.178263
1.072733
5.05002
3.541532
1.005896
2.451546
1.036468
0.87874
0.9126
0.963613
1.560799
11.758308
7.109642
2.183285
1.113644
1.115668
0.832337
1.239691
1.12175
1.198269
1.015164
15.151389
8.869465
1.135178
1.074332
0.950072
1.05788
7.370989
2.592916
1.211347
2.3401
1.032994
0.948651
0.872219
1.191803
1.257673
1.185494
10.041907
0.883871
1.375046
1.207436
1.019553
1.051238
0.965409
1.189034
10.163005
5.977089
1.178798
1.314955
1.185024
1.003832
1.167566
1.228896
4.170073
0.963367
4.865607
1.014094
1.214333
1.210064
1.174236
1.102952
9.044946
4.168319
0.837618
1.284197
1.211417
1.153929
10.198238
5.055784
1.287909
0.975582
1.204295
1.18402
1.593788
3.308936
1.621891
1.231937
1.205522
1.138312
1.206183
1.134681
1.261481
6.227258
0.997421
1.143914
1.342528
1.098711
1.189032
0.91843
3.2674
1.061456
1.095628
2.070412
1.036781
0.785942
1.212036
1.153299
5.850309
1.303908
0.883497
1.141759
3.144781
1.184835
1.172582
0.933583
1.218215
0.986552
13.230742
8.613288
1.091107
1.152849
0.933727
2.707086
9.057798
2.206967
1.038837
1.210668
1.173969
1.246201
1.18062
1.259337
11.632384
1.756406
1.384829
1.221535
1.327212
1.138995
1.148957
4.578119
1.672488
1.109044
1.390157
5.029875
1.072471
1.219193
1.345202
10.030246
0.852544
1.198456
1.249547
1.132673
1.222664
1.109341
1.139963
1.143747
6.554593
1.617055
1.544666
1.035724
1.077911
1.105419
1.112939
5.583056
1.102639
0.960805
1.598728
5.987451
16.888104
6.971558
1.608444
1.430083
13.259254
3.332046
1.319767
2.334157
1.144975
1.100132
1.154801
1.378068
5.04953
1.05501
6.537953
1.319638
1.897935
1.170155
0.969906
5.070879
0.883654
1.183029
1.012012
1.031077
1.153592
1.148395
1.181953
0.934761
0.927565
1.117629
1.31542
1.12343
1.243425
7.586699
2.255145
1.042191
1.072819
1.198543
2.899254
8.639518
0.98629
1.18853
1.129852
0.932591
0.869987
1.19488
1.063936
1.317482
1.16619
26.967914
17.033653
7.067649
1.184339
4.307607
1.349942
16.149241
6.347879
1.143873
5.838336
1.056344
1.03928
1.424723
1.061345
16.942265
6.950425
1.073559
3.741081
1.371876
1.193673
1.137437
11.96887
1.994307
1.020466
1.015727
1.658887
1.154777
1.231403
1.094954
6.855694
1.126638
1.152098
1.273025
1.003069
2.601582
1.418167
1.20689
1.208336
10.826221
6.491396
1.019264
1.075221
1.111248
1.246259
1.399183
10.882184
0.897423
0.957111
1.250477
1.132715
1.408291
1.491796
1.167435
1.438231
6.201391
1.276537
1.048869
1.040725
0.901865
1.26885
8.57777
1.252063
0.954588
1.190736
1.192996
5.83769
1.453952
1.083927
1.036029
11.692157
1.704767
1.228944
1.064488
1.279519
1.113943
1.071526
1.379627
9.486565
0.670432
1.145015
1.57255
0.939151
1.192779
1.247588
1.260374
7.08292
2.085442
1.045724
15.063932
4.880479
0.973228
1.055502
1.285229
1.094094
1.166503
1.11743
1.14488
1.047976
1.08392
1.263596
1.148865
8.415921
0.993183
1.214897
1.283205
4.929348
1.204433
1.179839
1.129427
1.133794
12.068889
4.057564
1.185119
1.006486
1.314174
1.668107
1.1176
1.210526
1.045265
14.053478
10.065191
0.879375
1.119523
1.161034
1.23984
2.457745
1.09684
12.40367
2.483303
1.253766
1.124952
1.135449
1.203006
1.028088
1.190216
1.08715
1.133108
23.377262
13.531578
3.397726
1.116465
1.155997
0.964024
7.727977
1.18247
5.229005
1.187009
1.093797
1.152447
1.120094
10.342088
0.933683
1.282635
2.766735
1.148008
1.062876
1.198316
1.197905
6.801077
1.17312
1.159401
1.00749
1.308597
1.255436
1.438272
6.542422
2.279701
9.661529
1.032168
1.039329
0.942461
1.650726
1.125038
1.099421
1.217545
1.389612
1.223959
11.546347
14.012668
4.10468
1.173419
1.076245
1.18769
3.215599
1.203788
1.203555
1.025306
1.035796
1.092939
1.121805
1.261956
7.682275
1.311205
1.195914
0.967011
1.289849
1.154134
1.454008
1.078509
0.931805
4.468019
1.107745
1.055262
1.193012
0.977691
1.586811
1.217634
0.997486
8.085333
1.298261
1.106009
1.01248
0.838497
1.172835
1.216789
1.119922
1.282677
11.558976
11.220379
1.23282
1.158428
1.125852
1.26125
1.003812
8.137358
5.042148
1.271392
0.945439
1.271155
1.184804
1.002374
1.108434
5.078373
1.093441
1.311772
1.128237
1.046902
1.110657
1.029852
1.234951
1.378097
9.262715
3.084151
3.243072
1.141961
8.112568
1.200566
1.046
1.212087
7.364092
1.296607
2.095948
1.228819
1.155827
1.1559
1.075058
1.323068
1.067622
1.136297
16.22768
6.386506
0.90466
1.271463
1.160595
1.290714
0.950773
8.087196
1.003033
1.211869
1.293494
1.240623
1.112308
1.025862
1.105868
1.57077
3.522939
1.101795
0.925029
1.207666
1.01651
1.155527
1.132364
6.827684
2.453382
1.110564
5.055868
1.228013
1.142678
1.255487
5.180914
4.63477
1.474597
1.114466
0.975711
1.063914
1.097994
1.22896
8.655092
1.04492
3.183194
1.094323
1.19638
1.15
1.127147
1.120249
17.340063
10.767516
4.738017
1.482491
0.896871
1.185241
1.080216
1.000684
1.00067
1.183191
6.032971
1.175908
1.295287
1.414074
1.202357
1.13082
1.061379
12.757512
8.427946
7.328038
1.174553
1.337275
1.035976
1.478194
9.328978
1.303348
3.51112
1.109797
1.574983
1.221529
1.099671
2.861381
3.237678
1.164916
1.003277
1.016249
1.233069
1.284947
1.111194
8.069969
7.983734
2.995333
1.616402
1.180284
1.559137
1.546492
1.511878
0.951002
1.223102
10.651569
11.937844
2.001737
1.179142
1.260221
1.346668
0.870389
6.328642
1.217996
1.130286
1.146271
1.175309
1.174695
1.108849
0.825737
9.580766
1.116542
1.577932
1.304631
1.100789
1.370065
1.206853
1.020307
5.666079
1.043158
1.293099
0.925071
1.383579
1.148304
1.165785
0.918338
6.342362
1.954626
3.388587
1.401285
1.170727
1.140752
0.934568
12.229825
2.212955
3.016151
1.248961
1.019539
1.01947
1.103558
1.154285
1.200226
1.204072
1.243537
1.25938
1.058211
19.475434
17.145221
7.398065
1.143185
0.906113
9.131399
1.20968
1.097616
1.165269
1.04622
1.159848
1.253609
1.22317
8.13513
3.485973
1.112381
1.041535
1.048996
1.116676
3.365505
3.389929
0.89589
1.163357
1.21988
1.160257
1.128516
1.060458
1.412324
7.414162
1.198996
3.498065
1.182232
1.288263
1.17459
1.365401
1.509493
1.164356
13.035536
3.128432
1.177499
1.004195
1.214298
1.164358
6.851021
1.242303
1.987344
1.59531
1.087107
1.074397
1.24704
1.042005
1.289981
7.130815
1.250508
1.798317
1.164113
1.217159
0.935606
4.560715
1.595621
2.757617
1.227389
1.155607
1.084825
1.002393
1.247109
1.031451
1.131508
5.502759
1.538424
1.716813
1.152083
1.063422
1.228539
1.195507
10.059262
1.083264
0.955227
5.554042
1.127993
1.252168
0.925897
1.07549
1.125944
1.258076
16.092827
10.323643
1.032075
0.988061
1.411919
7.309351
0.993671
1.195569
1.109747
3.024906
1.122209
1.03343
8.153737
1.110116
5.521734
2.72112
2.905366
1.063034
1.375751
1.16111
1.126032
1.117264
7.338126
2.220882
1.17337
1.107416
1.15543
1.180951
1.035321
1.169681
11.514285
1.491417
3.786139
1.156164
1.425081
1.203254
1.209164
1.108851
2.775492
1.459528
1.070267
1.521661
1.694517
0.92363
1.158757
1.047493
1.00166
1.1062
1.014916
3.13002
10.296957
0.983334
1.147803
1.120615
2.762028
1.885316
1.202766
1.003003
1.163115
1.118474
1.124486
1.087133
10.218849
0.834206
1.745022
1.033411
1.140912
1.188845
1.024982
1.252502
6.98955
1.265385
1.066842
2.502585
1.207987
1.21784
1.166233
1.193582
0.890671
7.42014
1.162143
1.250474
2.773553
1.079438
1.347211
1.924805
1.32843
1.315395
1.154951
7.898606
0.884374
1.136062
0.869766
3.83311
1.272785
1.123917
0.970258
1.365506
16.16894
12.277247
9.063668
1.311965
1.144698
12.171093
2.068581
3.101188
1.133895
1.128085
1.001957
1.038798
0.921587
10.312698
7.230033
2.149973
1.120428
1.147933
1.022045
3.781106
1.349419
1.229705
1.159759
1.20422
1.254741
1.110899
1.119614
1.429443
12.418114
2.545407
3.324275
1.405622
0.975377
1.130457
1.192333
1.194968
10.429876
0.947045
1.029096
2.999245
0.942406
1.239564
1.214408
1.173245
1.978294
1.100031
7.285761
2.311359
0.984284
0.947539
1.568796
1.177681
1.127717
10.16131
1.103684
4.315198
1.159152
1.018158
1.124452
1.206192
11.56237
1.729447
0.926202
3.563289
1.027243
1.031633
1.24475
1.199755
1.097647
8.51231
1.303483
1.224917
0.981924
7.325297
2.823674
0.97514
8.879678
10.252314
0.868059
1.116473
1.159024
0.996078
0.914963
9.866453
0.900629
0.954045
1.995685
0.826223
1.162572
1.142537
1.232772
1.169864
10.537274
0.89783
2.438192
1.148629
1.11608
1.004155
1.078699
0.866443
10.243784
1.034708
1.197003
2.465832
1.021177
1.115007
1.272352
0.949947
0.964415
11.520495
1.519955
1.21467
1.257994
1.280116
4.375909
1.11351
1.147969
7.979715
1.251802
1.087136
1.238942
1.185852
1.109404
0.991145
1.120443
0.937764
1.247936
9.062775
0.983072
1.151663
1.17087
1.214043
1.190739
1.586987
7.383716
2.235742
1.007593
1.123886
1.358878
5.182062
10.091104
6.988982
1.37594
1.142943
1.210093
1.067161
1.159297
0.97831
5.667961
4.27301
3.75304
1.180183
1.101455
1.029145
0.936078
1.254942
1.056394
1.096479
1.139647
8.737867
18.839507
8.895187
1.278676
1.229116
3.642831
0.888683
1.233495
1.2539
18.406713
8.45466
1.035081
1.048516
1.068428
1.130816
14.646232
4.712464
3.141804
1.064344
1.163497
1.184233
1.223963
1.260822
1.009148
1.086218
14.239829
4.271945
1.134387
1.31245
1.304756
1.052827
1.134592
4.319054
0.992938
0.995335
8.181084
0.94885
1.199736
1.132905
1.286356
1.25301
1.089015
8.074148
1.048513
1.055507
1.020622
0.959627
1.100377
1.058352
1.186595
1.529074
0.961487
5.460935
1.19387
1.111917
1.192354
0.934547
1.293897
1.136787
0.983218
8.926395
9.918217
1.248311
1.144654
1.041336
1.147879
1.255171
1.154756
1.145666
1.273617
1.131212
17.667249
12.776756
2.757685
0.907785
2.49278
1.204998
1.218273
1.250479
1.165454
1.174856
1.183557
1.19079
1.031859
9.192028
1.10889
1.228738
1.258162
1.191369
1.083835
1.171588
3.272311
1.161686
1.234344
1.184322
5.158707
0.875112
1.051521
1.151891
8.475077
2.200702
3.095113
0.948179
1.121703
1.053386
1.241179
1.078776
5.350476
1.124096
0.984092
1.135271
0.930273
0.992272
1.275458
1.11205
8.189928
0.9307
10.41007
1.007083
1.012762
1.138286
9.311547
1.288183
0.823521
1.067239
1.070581
1.167803
1.24162
1.03439
1.136018
6.591833
0.982626
1.225015
1.065352
1.029261
1.116778
1.152218
1.173031
10.038446
4.367674
1.027327
0.980841
1.058261
0.912988
1.233627
1.207095
1.093525
7.040649
0.97596
1.043942
0.940747
1.068661
1.003936
1.151118
1.748832
9.46184
3.224269
1.042292
1.167326
1.132937
0.933312
0.980299
1.10521
1.20145
12.099946
1.995895
1.162318
0.999471
0.878752
1.095777
1.197377
8.302432
1.112773
3.089431
3.662131
0.980199
1.179014
1.119344
1.134284
1.159687
11.250166
7.245188
0.99503
1.112281
1.109385
1.383548
1.036392
13.065078
3.25005
1.144704
1.161557
0.996516
1.204325
1.187246
4.145731
1.092755
3.91102
1.09352
1.170851
0.987364
1.088551
1.135305
1.175549
1.181821
9.617834
1.224713
4.048858
1.067973
1.131192
0.929142
1.186388
1.098752
1.046369
1.079765
23.056719
20.538011
10.56652
0.905495
1.303284
1.08583
8.974486
0.812865
1.101258
0.952141
1.10047
1.115819
1.248906
1.110457
1.035739
9.975178
0.870983
1.126017
1.113289
1.172114
7.277076
2.341385
1.114645
9.038077
1.272174
1.342783
1.173243
1.145532
1.201084
5.065561
1.25297
1.100791
1.005747
1.115194
0.939254
1.177513
1.027107
1.170268
6.062563
3.59422
0.90289
1.493556
0.86413
1.160255
0.869326
0.962506
6.085511
1.598784
1.053407
0.905426
0.942076
1.182829
1.165327
1.1673
9.08833
1.246103
1.207656
3.286038
1.095645
1.106026
1.061229
1.176818
4.90703
1.497468
1.339838
1.336551
1.211421
0.99947
1.141892
2.681875
1.027806
3.559339
3.124477
1.192488
1.118434
1.045899
1.291378
1.07423
1.028748
5.136713
12.773557
8.058128
0.883446
0.943694
1.178199
1.051867
13.508708
3.588019
1.268564
2.912851
0.975482
1.137972
0.949937
1.159166
7.079353
1.07207
0.857852
1.453476
1.027054
1.103992
1.188079
1.169688
1.072996
6.143269
2.086412
0.968723
1.157309
1.020126
1.036248
3.709946
1.20197
1.085183
1.199589
1.188415
0.973229
1.152758
0.959186
9.403267
1.091257
1.481757
1.032178
1.082919
0.974348
1.288877
1.085306
1.085775
0.978815
1.241621
16.849947
6.889351
1.043718
1.113509
1.214053
1.203079
7.806753
1.163514
1.161498
1.348144
1.111205
1.189375
0.987961
1.051851
1.20804
1.157915
7.86681
1.228229
1.565817
1.156955
0.96489
1.037072
1.260902
1.182093
10.24676
4.933809
0.974614
1.024024
0.940777
0.94265
0.953276
13.118444
3.146378
1.068476
1.180225
1.146833
1.037618
0.993067
3.809009
1.028385
1.029155
2.399216
1.038889
1.062384
1.073044
1.165306
1.165785
1.212351
12.178317
6.032075
1.116809
1.017025
3.343874
1.025038
9.277531
0.964781
0.948493
1.171495
3.010206
1.099759
1.697793
0.967486
1.238849
2.421071
1.00802
1.310567
0.983242
1.250268
1.088465
1.257822
0.999463
6.044156
6.72316
0.984964
0.915987
0.994617
1.04358
1.158543
1.127409
1.690652
4.334879
1.248086
1.046068
1.250998
1.089219
0.995857
1.177507
1.144309
6.245903
4.060095
1.023896
0.950838
1.264507
1.210963
1.299035
0.986422
1.178176
10.76007
6.524318
1.173459
0.982685
1.00316
9.665731
0.858761
1.099304
3.935696
1.023905
1.075899
1.047986
1.139091
7.051387
1.285444
1.092865
1.155124
2.5303
1.212927
1.199065
1.167302
5.93712
0.817295
1.15708
3.237463
1.124074
1.189527
1.178516
1.311635
0.88161
1.008121
1.094326
1.186611
1.301061
1.001011
1.997595
1.179219
1.000311
7.804021
1.235154
1.190259
1.207139
1.160083
0.987953
1.262361
1.34688
8.229789
2.760929
1.36432
1.298091
1.244984
1.232634
1.044912
0.980361
5.953888
0.975228
1.218007
6.412629
0.952271
0.981608
1.300708
0.95394
1.39649
11.645294
1.587381
4.176025
1.099916
1.234714
1.29885
0.976898
1.208757
0.935761
1.11245
16.23989
14.691743
4.638088
1.158392
1.030778
1.145117
0.94187
10.03305
5.38659
1.118335
1.284314
1.097724
1.21267
1.243625
1.106654
4.2479
10.486464
0.943526
1.111696
1.026654
1.265413
6.388827
7.876
1.50721
1.102635
1.106066
1.07355
1.093713
1.194311
1.225829
10.533595
0.936855
1.089884
1.154666
0.99104
1.141728
1.191789
8.635682
0.936672
1.153927
0.823155
8.094518
0.735564
1.110851
1.174179
1.023077
1.011959
1.169088
7.066723
2.285692
1.022073
1.127732
0.86729
1.403078
1.16384
1.205284
1.249306
18.254072
8.322612
0.962344
0.856117
0.885008
1.120485
8.017601
1.118854
1.049636
1.201306
1.508969
1.07387
1.207188
1.127032
6.727669
0.997884
1.394696
3.120115
1.248294
1.100374
1.01876
1.239787
1.111043
7.88311
2.157299
1.197534
1.235856
1.079867
1.150999
1.185721
11.329554
1.390594
1.135273
1.213868
1.368965
2.395801
1.207348
1.178872
6.844121
1.582479
1.146443
1.012033
1.20652
0.899851
1.757382
1.111074
1.231317
6.358971
10.450321
0.971306
1.02138
1.105488
1.265417
1.367577
5.247536
1.186603
1.290245
1.251495
1.33066
0.951375
1.098122
0.942546
5.286481
1.245724
4.151407
1.078129
1.086303
1.060621
1.14185
1.176205
9.804553
0.877497
3.554638
1.042507
1.275601
1.071257
1.135964
1.014395
11.450981
3.441653
0.891766
0.913907
1.212356
1.164189
6.230273
1.225823
0.884583
11.137951
1.203005
5.078062
1.282617
1.163351
1.238261
1.069393
1.028723
1.044753
14.925761
5.114591
1.061145
1.062442
1.058843
1.172361
4.350258
7.625371
1.230823
1.053935
1.00623
1.085884
1.119838
1.228246
8.195007
1.013558
1.432589
1.006146
1.036353
1.159857
1.228073
1.361858
9.295288
1.281235
1.080408
0.988434
1.015867
1.124396
1.161825
1.112078
4.422088
0.990371
1.034014
1.087471
1.102419
0.988782
1.041001
1.522057
1.005139
1.418391
1.096152
9.176223
1.292607
1.002524
1.22608
5.142399
1.332012
1.264624
1.091281
1.035734
1.315839
1.058318
1.166908
1.323683
1.199898
5.501456
1.270058
2.395775
1.141629
0.973443
1.24068
1.232872
1.292882
9.408775
3.282312
0.953927
1.097618
3.283612
1.186511
1.168669
1.037624
4.738953
8.425155
0.917694
1.059195
1.116042
1.250424
1.194653
1.244325
7.888391
1.501816
0.96424
1.187067
1.097132
1.119035
1.111437
1.38383
5.930791
1.115612
17.202222
7.163307
1.25625
1.130553
1.057565
1.228923
0.969477
14.014468
8.137484
1.026839
1.119276
1.495363
1.071603
1.299227
3.099109
1.478243
1.226107
1.137838
7.411191
1.071707
1.348721
7.014568
1.261506
1.249897
1.137433
1.582954
1.092012
1.030114
0.868855
1.168282
0.921571
7.124193
0.98748
1.303393
0.972425
1.178445
1.133327
1.063107
1.150037
1.008708
6.520657
9.882543
0.946747
1.182378
1.101187
1.127601
1.183945
9.149385
2.332263
1.054247
1.069808
1.07357
1.138715
1.417153
8.823941
1.058257
1.809555
0.974978
4.110757
1.166823
1.103012
1.172127
1.176533
8.013376
3.041324
1.013427
1.064297
1.177387
1.260723
1.122056
7.831475
1.268545
1.226949
1.028811
1.236228
1.321744
1.165973
1.13396
6.139429
2.276526
1.083013
0.933201
1.069639
0.979342
1.214608
0.964321
15.0463
5.274134
1.072244
1.030694
1.085986
1.240924
0.893305
1.214592
1.033962
1.103235
5.198218
1.174037
0.900421
5.718057
2.298074
1.148064
1.006182
2.739517
1.12016
1.092975
1.099894
0.97147
1.033632
14.30767
6.731721
1.171719
1.218087
1.164319
1.221532
1.113063
1.122636
5.772293
1.113603
1.120084
0.80911
1.230478
1.2613
1.11222
1.195656
1.052673
1.554236
1.172098
17.33113
7.441053
1.147281
1.136594
1.101259
4.957583
1.136787
1.401465
0.866484
0.959212
0.899151
1.333551
0.97877
4.902337
1.557958
1.110435
0.90461
1.21488
1.849282
1.019929
1.230187
1.147546
9.97014
3.563802
1.272948
1.177065
1.231698
1.118254
2.767128
0.989446
0.99199
10.620093
0.967071
1.014946
1.535816
1.127368
0.956455
1.14239
1.172306
1.155109
1.06909
7.334554
17.794678
7.881793
1.152108
1.240152
2.801661
1.223375
5.408228
1.129197
1.203646
1.323083
1.131703
3.824157
1.274335
1.354556
0.958358
1.039606
1.194999
1.07359
0.981442
1.141834
4.723796
1.146391
1.138723
1.268737
1.194702
1.172474
6.464052
1.155221
1.993849
8.152901
1.286812
1.09776
1.213284
1.231521
1.045775
1.590409
1.013388
5.654714
1.277472
1.136238
1.530615
1.166645
1.133092
1.019254
1.101008
1.082473
1.136225
15.963438
6.011793
1.13438
0.979101
12.434999
2.392367
1.232302
1.06864
1.094127
1.010928
0.969116
1.105812
1.113755
1.365978
12.231127
8.339058
1.208605
1.064649
1.148149
1.077079
1.234886
0.921782
1.133492
1.147534
0.950462
1.18091
1.109116
1.154214
2.312979
1.219834
6.898022
1.015665
1.007484
1.229106
1.045637
1.181798
0.949162
1.037085
2.030164
1.401937
1.165897
1.137374
1.207185
23.522902
15.41483
13.038068
3.243114
1.215538
0.946145
1.133784
1.010843
1.008217
0.999366
1.073639
1.673919
1.180123
1.0616
1.081559
5.332506
1.052252
1.327052
1.086068
4.926447
1.038968
1.134109
1.184061
0.963156
1.175456
0.888771
5.59956
0.927894
1.094572
1.297442
1.101569
1.225814
1.427421
1.041636
15.40894
5.622357
0.85719
1.116055
1.707867
1.064237
1.166371
1.122836
1.541339
1.139166
1.118663
2.109836
19.078037
9.163274
4.66947
1.045481
0.868902
0.932388
1.172875
1.519359
1.193301
1.152526
0.935537
5.041241
1.120018
0.919818
1.155971
1.206669
1.140143
1.127917
0.985944
11.755897
1.801337
1.029287
1.027836
1.252799
0.989881
1.037724
0.986457
1.111687
14.098738
5.824097
1.003254
1.166304
1.151031
1.135701
0.959411
1.181429
7.572006
13.225678
3.368813
1.088986
1.048395
1.11179
1.039752
1.127802
1.381161
6.831805
7.188551
1.083052
2.316589
0.944921
0.90336
1.130503
0.964568
1.152588
1.189411
1.219567
1.065322
1.189246
2.14844
6.228566
1.219758
1.162275
0.989654
1.470929
1.440569
0.928213
0.966299
6.643674
3.05047
1.112304
0.934156
1.194527
1.148673
1.185056
1.071585
1.067024
8.651181
1.175114
1.093894
1.260546
1.208888
1.074084
1.224592
1.143861
11.496671
8.41114
0.982696
1.086684
6.14455
1.315246
0.990124
1.05801
0.861279
1.017302
0.972821
1.179795
1.502721
29.216672
24.888882
14.890558
5.080288
1.404356
0.959461
1.227001
1.173742
1.093469
5.096401
1.201127
6.079773
1.166475
1.278404
0.967674
0.992532
9.119166
0.952444
0.945093
1.066468
1.151006
1.073861
1.073463
1.203982
1.194332
0.891886
1.176879
1.124392
1.027321
1.119572
7.215309
1.231663
2.241608
1.126803
12.88223
3.003244
1.190798
0.996028
1.272487
1.072627
1.222915
0.971775
1.122998
1.160061
1.054757
27.045734
23.722434
13.761706
3.677888
1.200641
8.45954
1.226372
0.961152
0.936522
1.197635
0.901834
5.125259
1.173384
1.038521
1.256782
1.080143
1.035112
1.191584
1.188035
1.092032
1.117147
1.196125
0.953891
0.948436
1.098739
1.247108
5.449647
3.036498
1.105533
1.27729
0.930412
1.119219
1.333692
1.092275
7.8572
2.903416
1.179901
0.94268
0.95532
0.981257
0.822088
1.022969
1.184612
1.16127
0.975421
2.220466
1.133789
1.089662
1.045269
9.101445
23.025495
20.898416
14.430533
4.441011
6.701302
1.3633
0.929534
6.932322
1.544259
1.183514
0.981775
1.011934
0.832824
1.177499
10.783106
0.910058
1.229364
0.959956
1.119884
1.113629
0.935043
1.180848
1.068744
1.010512
0.969845
1.131455
1.209439
1.128553
1.019978
1.062132
1.072648
1.094045
1.072902
1.005278
7.254454
2.071139
0.965961
1.135736
1.386769
1.272252
10.533798
0.857637
1.129622
1.18563
1.095922
1.182964
7.420266
1.429491
1.617723
1.865834
1.120411
1.1586
1.096159
1.203522
7.723812
1.968307
1.033988
1.305084
1.028424
1.094447
1.075049
1.031328
1.078503
1.176825
3.782335
18.002336
8.075474
1.226465
1.123432
9.397504
1.206915
1.161982
1.1906
1.121105
1.185974
1.114782
1.1466
5.479672
1.161384
1.263965
0.995305
1.097461
0.989436
1.095187
1.140727
1.304433
1.160646
1.179995
1.078709
13.504643
3.42115
1.214989
1.19665
1.251598
1.03887
2.962778
1.138226
1.149304
1.166535
1.121902
1.323559
0.934127
7.115667
0.979846
1.095255
1.232218
0.98955
1.109616
1.098582
1.118273
1.668164
7.453758
1.190098
1.018205
1.118367
4.253325
1.083943
1.145559
1.308373
1.382403
1.048264
0.857054
18.308603
8.316489
0.890579
1.20616
1.080545
1.237558
0.981406
1.276881
1.18954
1.026642
0.82859
1.192597
7.029395
23.74351
18.152266
8.089094
1.484874
5.526537
1.185682
0.876736
0.979405
1.307628
1.288851
1.260909
0.980182
1.275073
6.173139
0.977406
0.955192
1.178045
1.180224
1.135575
8.156049
0.940871
0.927847
10.43529
3.991011
1.288879
1.006759
1.040942
1.078558
1.128304
1.408661
1.074729
13.769374
3.773613
0.921601
1.159514
0.869529
1.132684
1.116808
1.229236
1.086153
1.074371
1.000091
2.349675
20.915161
10.930153
1.045464
1.040129
8.218846
1.092111
0.915064
2.354414
1.267891
1.0074
1.353974
0.96037
6.019402
1.134298
1.361457
1.079335
1.027788
3.7022
1.073769
0.940818
0.852339
1.006684
1.009628
1.122351
0.942572
0.975425
9.626057
3.177854
1.157113
0.955702
1.191652
0.959155
1.058768
1.117806
11.467025
4.244676
1.177677
1.198714
1.036266
1.081884
1.334002
1.121086
1.211112
1.018673
0.999928
1.189386
27.107966
18.975512
15.699755
7.429689
0.982932
1.017636
0.948004
1.138269
1.16184
7.823055
2.263885
4.498813
1.130419
0.977376
1.032386
0.924932
0.978263
1.037948
0.882611
5.70735
1.074152
0.981924
1.169724
1.013332
1.190232
1.136036
1.163887
1.002423
0.994477
3.963183
4.531824
1.183427
1.07721
1.016063
1.003057
1.107608
0.9961
1.005219
0.986477
1.094152
1.133085
3.728554
20.491636
18.814084
8.84973
1.007535
1.135949
1.259004
1.118372
1.055064
1.17012
1.059202
8.590176
1.084842
0.983033
1.164348
1.060853
1.15557
1.17246
1.523691
1.107355
5.043446
5.882279
1.126901
1.264863
1.078893
1.184245
1.09728
0.946629
14.277812
4.32191
1.072844
1.131267
1.1174
0.992708
1.151676
1.430029
1.267943
2.008136
16.216106
6.275639
1.045047
1.146236
0.910642
1.057093
0.810078
1.101815
1.099919
0.967683
23.04794
13.043005
3.116878
1.067671
7.098233
3.573489
1.213819
0.928586
1.127465
1.039809
1.124127
1.17223
2.549465
1.157574
0.977629
1.189216
1.271778
1.220566
1.314913
3.267026
0.9476
1.07161
1.109563
1.019033
1.102368
1.088746
1.248532
1.022393
1.240824
6.023093
6.828992
1.103101
1.020294
0.937303
0.958511
0.970868
4.201182
3.849615
1.175236
0.944802
1.110365
0.94424
1.232894
1.389635
1.570294
1.071761
1.271216
0.938832
8.08188
22.198136
13.462727
3.517538
6.238075
8.015648
0.924965
1.23715
1.189947
0.997529
1.231622
1.057153
14.051212
7.362808
1.095091
1.081659
1.119898
1.123385
1.01578
0.947925
1.024852
10.123576
1.157127
1.320772
1.246368
1.369458
1.144557
3.897606
1.007899
1.176941
0.982283
1.089697
5.284977
0.922205
1.189445
5.717342
1.272359
0.894957
1.048644
1.099093
0.904194
1.200023
1.02176
1.224946
16.145399
6.163703
1.203008
1.156875
1.037643
3.817212
1.186839
7.410958
2.144032
0.99929
1.13453
1.160418
1.47573
9.71654
0.906826
0.900748
1.112687
1.090563
1.126644
1.087235
0.83364
1.144668
4.435305
6.380203
1.205812
1.318645
1.181878
1.085446
1.130963
1.22983
10.321525
4.067102
1.292908
1.330683
1.239751
0.943923
1.134711
7.044877
2.281025
1.221817
1.115476
1.108516
1.47518
1.097535
1.17399
0.973686
1.60074
16.784664
20.001152
10.114369
0.848718
1.18478
0.944418
1.162098
13.215568
3.312796
0.885356
1.058022
1.460897
1.26321
0.955813
7.901475
2.641273
1.255219
1.198494
0.99309
1.078009
7.298311
2.274698
9.557306
4.363888
1.010148
0.844332
1.20473
1.098815
1.130728
3.827382
5.035676
0.866324
1.036281
1.143964
1.163794
1.203144
1.127359
1.156028
9.62559
3.88495
0.982451
1.129793
0.896625
1.04873
1.011161
1.133378
0.882846
1.107495
26.784806
16.935313
6.949424
1.490687
1.059013
4.802906
1.132944
1.138947
0.968477
1.003334
1.052529
3.601202
5.210154
3.154167
1.02174
1.22051
1.079344
1.080042
0.935917
1.086671
11.408537
2.470886
2.921353
1.114793
1.125402
1.436151
1.123763
1.119017
7.663927
1.085268
0.96693
8.085997
1.132816
1.227398
1.167303
4.505007
0.990073
1.14782
1.205564
1.138155
1.270262
0.976671
1.032233
1.28193
0.975503
1.04015
0.995845
19.997941
10.066528
0.848083
1.098971
1.564089
8.731284
1.185116
1.024762
1.377079
1.077934
1.303562
1.188317
6.143436
0.999578
2.120461
1.143151
1.034299
1.116164
1.24193
1.731172
8.580007
1.20771
1.126206
0.906946
1.037891
2.212949
1.120107
0.956171
1.092257
9.228465
0.98644
1.294702
1.228784
3.00299
1.181835
7.022851
1.078119
1.129335
1.000073
1.186236
1.178346
1.299808
1.201884
2.265965
1.157871
12.953269
7.439046
1.413824
1.233144
1.068471
6.374427
1.210895
1.139297
1.20551
1.137081
1.264913
1.135055
0.96294
12.823122
2.816774
1.148694
1.201548
1.118017
5.294814
1.035028
1.049642
1.291223
7.024376
1.048969
0.851493
0.931009
0.989536
1.057329
1.191177
1.078758
1.040329
1.21211
11.801491
1.814428
1.138701
1.088212
1.047429
1.09154
5.814703
1.185581
1.154424
11.861812
6.821856
1.056618
1.093218
1.25243
1.139532
1.303721
1.121809
18.850737
15.446475
5.456529
1.104382
0.976462
1.173402
8.928322
2.179464
1.278483
6.685377
1.320461
1.13063
1.116731
1.064112
0.942998
8.158589
2.769326
0.95103
1.263408
1.081277
1.148823
1.254335
0.986934
7.318946
1.084638
1.143766
0.936342
1.058097
0.965489
8.714636
2.472869
1.176511
0.987916
1.184617
0.926283
1.023084
1.196546
8.822544
1.058263
1.185271
1.085647
1.024913
1.09887
1.251031
1.202427
1.13822
1.302694
1.278741
9.653736
2.262409
0.951816
1.171618
1.183176
1.268515
0.855906
0.974159
1.032973
1.240323
1.201873
6.588054
1.199489
1.041216
1.000054
1.028964
1.044518
1.23288
1.091486
1.067502
2.019481
2.058931
1.083872
1.161093
1.182027
1.387316
1.034533
1.424353
1.290932
10.306633
3.355688
1.247553
1.143177
1.221374
1.01196
1.132819
1.0782
7.37173
0.928278
1.279981
1.089845
0.945425
1.183703
1.190912
1.089948
1.087188
1.43699
18.956258
9.057413
0.794813
1.028447
2.09111
1.06047
1.018779
1.112438
0.983221
1.057421
1.202117
1.002188
0.989412
1.183516
5.014802
1.146724
1.1605
1.236994
1.036713
1.563014
0.967021
1.078431
1.140523
1.235945
1.030549
14.023198
7.851208
0.90915
1.304598
1.119367
1.060471
9.035314
5.405772
1.29473
1.582942
3.881094
1.19456
1.204896
1.106877
1.061126
1.167797
1.279219
24.233956
14.239428
4.284859
1.164726
1.122421
1.223333
10.297431
11.984885
2.133782
1.011039
1.179264
1.097998
1.174275
5.617169
1.17323
1.168432
10.988862
7.321122
1.08536
1.11035
1.132795
5.059956
0.939161
1.124025
2.966025
1.045802
1.01091
1.065652
1.225978
7.978417
0.791856
8.276621
1.500058
1.059249
1.07944
1.165586
1.144715
0.966046
1.124481
1.095474
22.401
12.289677
2.402551
1.490618
1.116356
5.056389
1.083349
2.168157
1.009795
1.100558
1.193242
7.752244
1.473686
0.961665
1.374313
4.986958
1.214327
1.192942
1.027002
1.262186
1.749148
1.191659
0.941987
8.6309
1.179613
1.249811
1.128861
1.086468
1.041987
1.077964
8.027436
8.234453
3.053487
1.147548
0.948573
1.186446
1.107458
1.209289
1.001152
9.114331
1.168548
1.159293
1.405277
1.067635
1.13043
1.346674
1.550562
1.025747
1.311509
8.240344
0.894409
1.09381
0.973185
1.236983
1.018629
1.101833
1.124752
1.192674
1.184162
1.212203
1.070473
3.995316
1.014749
1.108434
1.02334
1.169203
1.40414
0.93998
1.060221
7.45301
1.044081
1.210118
2.859096
1.079849
0.847551
1.174943
1.057859
1.026576
13.240873
6.247171
0.912921
1.120634
1.070347
1.129933
0.910099
4.480527
0.958977
1.301001
1.030712
1.080169
1.185701
1.195589
0.953245
1.146787
0.99963
1.159151
1.011695
1.130145
1.309714
22.769931
12.822343
2.803503
2.403845
1.123007
1.12154
1.268982
12.310534
5.007666
1.01959
1.306816
1.144339
1.199208
3.38533
1.132263
1.227018
0.943563
0.941321
5.133248
15.963935
5.940824
0.996024
1.072624
1.062391
1.138463
1.104842
1.114745
13.902766
8.776018
1.203555
0.965781
1.191171
1.198458
4.826328
1.103016
10.165424
1.166269
0.878282
1.084131
1.191808
1.295561
1.141993
1.124975
0.911888
2.282334
1.238416
1.061708
1.040869
18.439049
13.634061
3.702166
1.114326
1.140325
15.120927
5.161733
0.967649
1.092595
1.126326
1.148302
1.004378
1.414591
0.921403
1.152778
8.393155
0.893745
1.053041
1.08505
1.195385
1.225231
1.464753
0.995616
4.309264
1.071841
7.572221
1.655514
1.129837
1.264707
1.130038
4.7358
1.198072
0.975564
1.149817
1.028018
1.023053
1.116957
1.209843
1.024147
0.90147
16.058908
6.097155
1.06569
0.943691
7.246498
2.905152
1.104275
0.907424
2.125247
0.983952
1.200537
1.101735
1.088121
2.112627
1.053901
1.046049
1.21635
1.112019
1.194396
1.323548
5.828294
1.179699
1.152171
0.863513
8.082356
0.980574
1.084475
0.869185
1.060878
1.228583
1.221326
3.100987
1.035853
0.866742
1.066559
1.024654
1.000287
1.063637
0.960581
0.983004
1.012527
11.216063
1.201818
1.125722
1.254113
0.958024
4.519546
1.092607
1.332785
1.035389
1.232694
1.048846
1.120657
1.362861
1.318399
1.039461
1.12114
1.065004
1.084652
1.149664
1.104695
0.991365
6.103605
3.40345
1.067594
1.265694
1.193202
0.868944
1.081856
1.243273
1.061756
6.394282
12.137163
2.209117
1.201713
1.153372
1.280691
10.719375
0.979747
1.079899
0.91076
0.929764
0.944176
1.046226
1.491174
8.247938
1.216401
1.151524
1.211528
1.176455
3.055342
16.880082
12.009134
2.303002
1.081764
1.023316
1.075555
8.326951
11.391595
1.310893
1.096255
1.171894
1.108976
1.069373
1.166222
11.424896
1.431936
1.040196
1.114635
1.062796
0.97482
0.970571
1.11607
8.328613
7.869639
1.074806
1.01836
1.178087
1.523205
1.042198
1.365342
1.06509
11.65252
1.749117
1.158226
1.116857
1.081984
1.069321
1.056541
1.026962
1.178271
0.925937
0.946133
21.468241
15.989674
5.85369
0.872528
1.143528
13.31504
3.343091
1.002353
1.024356
1.085942
1.065256
1.139725
1.259719
3.525349
1.196974
0.99131
1.244973
1.038314
1.167603
1.188073
1.124231
1.180061
13.885256
3.923158
1.228396
0.966071
1.122911
1.066487
1.108954
1.007254
11.84226
4.304907
0.967052
1.083914
1.336638
1.099667
1.064743
1.175821
1.12807
13.095422
6.608151
2.200556
1.134217
1.18319
1.534479
1.169629
12.759712
3.739967
0.995947
1.155937
1.147035
2.200473
1.128301
0.876099
2.175497
0.990499
1.443108
1.014208
1.070629
1.31582
1.091177
2.472539
1.154298
5.514397
1.864263
0.930124
2.589813
0.985998
0.97033
1.254247
1.057616
3.040123
1.297596
12.559879
7.595877
1.166057
1.09948
1.100872
0.959548
1.08188
1.063861
3.182387
1.134094
0.975157
18.506291
8.650615
1.201908
2.055115
2.170004
1.070134
1.328934
4.179332
1.282316
1.470389
1.057608
1.012698
4.583226
3.675707
0.965563
1.151372
1.077461
1.066506
0.962816
0.855392
1.133012
4.30453
0.966077
1.031298
0.995866
1.140961
1.095028
7.13708
2.015775
1.059428
1.106984
1.666041
17.765103
7.906213
1.154675
0.999812
1.135152
3.295958
1.027738
1.044718
1.275464
1.939475
1.041392
0.988762
1.049387
1.113562
0.939144
0.986613
1.159374
1.09984
1.040604
1.017459
1.258778
1.119856
4.991296
9.397521
1.056481
1.088959
0.996315
1.237385
0.983071
17.895695
12.054063
2.085876
0.943383
1.108185
1.031679
1.170176
1.178973
10.759513
3.885682
1.181414
1.14662
1.38814
1.11777
1.261005
2.099873
1.150544
9.155248
1.323602
1.276504
1.094031
1.296401
1.108345
1.209506
1.089881
1.259057
1.400179
0.955843
19.614425
9.582016
0.829308
1.168823
1.400908
0.945177
1.069851
0.932927
1.041509
0.976566
19.264991
13.631984
3.84132
1.111507
4.318954
2.37934
0.958628
5.38652
1.285645
1.094049
1.153578
1.241196
0.978229
12.628924
2.63565
1.200811
1.154782
1.129357
0.971249
1.330713
1.003502
4.336943
1.055373
3.543043
1.035752
0.977906
1.027181
7.831482
1.152502
1.042328
6.032264
1.002989
1.090324
1.12283
1.205515
0.97636
1.360328
12.732807
2.754798
2.743129
1.292237
1.117369
1.002398
1.045177
1.181756
0.975509
1.099128
1.084487
1.259622
21.351066
11.383762
1.461871
1.192948
8.495311
1.705968
1.078344
1.203819
1.271844
1.036768
1.194923
1.231034
1.218542
4.009264
2.142524
0.953674
1.128197
0.993675
1.010468
5.167432
1.292499
8.474384
2.63538
1.279062
1.298278
1.220237
1.172758
1.14361
4.993656
1.883464
2.078266
1.611731
1.201813
1.071807
0.966061
1.176212
1.021029
1.367499
6.843983
9.051734
14.894892
4.725574
1.103972
1.091535
5.983894
1.18767
1.119922
1.121535
1.066839
1.062263
1.039253
1.143325
7.55061
0.891087
1.170179
1.066671
1.11659
1.014364
8.077039
1.011612
1.069711
2.013554
4.05019
1.088208
1.035945
1.26484
1.179541
1.138431
1.163817
5.661393
1.639704
1.127566
1.12433
1.151692
1.098109
1.026478
1.148312
8.198203
0.932413
1.023143
1.15382
1.147617
1.079124
1.27718
1.118278
1.161333
1.110205
6.320053
12.09639
2.135343
1.24539
2.992522
0.930177
1.058028
1.045257
1.06043
1.353912
1.080252
1.245596
5.033358
1.165934
0.856305
1.143202
1.508085
1.142366
1.169044
4.03605
2.116663
0.953688
1.022074
1.629971
0.956123
1.006534
1.151293
4.027254
1.395211
1.148433
1.157974
2.242898
0.961224
0.968759
6.575902
0.94391
0.955161
1.188121
1.154185
1.407291
3.053481
0.974282
1.202097
1.664918
0.84349
12.495356
2.585127
1.102623
1.159311
1.070922
6.947075
2.507931
0.959213
0.892919
1.044986
1.299746
3.215073
1.080662
1.077138
1.890526
1.118735
1.136377
1.049281
0.985223
1.134166
1.242354
9.077256
0.825856
0.950309
1.102805
3.22716
0.985968
0.941971
1.095994
6.651384
1.238629
1.134209
1.159262
1.091006
2.896826
1.107183
12.101184
7.286107
1.158079
0.964741
1.015719
1.115848
0.969741
1.11756
1.228047
4.287286
0.937125
1.170694
0.940998
22.759518
16.114989
16.60775
6.637407
1.060805
1.114295
1.132351
1.105174
1.222283
1.076166
2.042891
1.021551
1.394166
1.177417
1.178513
7.054774
2.251889
1.154946
0.952135
1.075698
1.130905
1.19516
1.107443
1.070935
0.975549
1.014822
7.379025
2.015803
1.164982
0.89757
1.233821
1.200201
1.240783
1.164756
7.899496
8.173467
2.525734
0.922288
1.002304
0.934116
1.303043
1.002193
1.194086
8.40006
10.264113
1.096791
1.056765
0.823166
1.094858
1.165867
0.961287
1.066906
18.28505
10.191824
0.777182
1.033924
1.218952
1.209389
7.828706
1.202571
1.139644
0.962659
1.053549
1.098836
1.137553
1.955756
1.136416
1.059257
10.210603
5.099299
1.276264
0.993676
1.037295
1.196135
1.013787
1.048002
3.249298
1.044521
19.663166
9.655614
0.801082
1.082697
1.155772
1.064375
1.138828
11.990527
6.461176
1.181359
1.139256
1.222042
1.080497
7.395854
0.976054
1.014343
1.166047
5.792452
1.060325
0.96178
0.866038
7.938339
0.876092
1.516332
1.251101
1.047101
1.184031
0.902476
1.131533
0.983295
2.790101
1.191052
0.909638
1.197822
0.995294
0.962243
1.129241
7.736906
2.267223
1.207306
1.079972
1.211462
1.095721
1.167277
4.447423
9.268228
1.149999
1.209492
1.377345
1.056381
1.091677
0.894557
1.033068
1.059119
5.015256
15.279753
5.312669
1.138229
0.999784
7.759652
1.872335
1.214081
1.063356
1.192561
1.163205
1.291674
1.312582
2.138114
0.982724
1.700895
1.095953
1.206301
1.06414
1.250921
1.089146
1.132543
10.746338
0.967455
1.106838
1.03281
0.997796
0.930556
0.907406
1.415249
1.023257
16.411882
6.525138
1.051927
1.090628
0.967603
1.01288
1.072442
1.23532
8.806801
1.14899
1.148375
1.094231
2.162734
1.176324
1.383449
1.229838
1.118164
15.349456
9.724261
1.228641
1.253637
0.989783
2.400469
6.439433
2.019832
1.282313
1.119425
0.970901
1.081255
1.02554
1.030107
1.706409
6.083292
0.986007
1.232579
0.804252
0.978355
0.96363
6.666092
4.572634
2.027365
1.174062
1.035367
0.831379
1.309064
1.066341
1.108864
1.144468
9.988964
1.056727
1.422102
1.121494
4.587955
1.26806
1.301645
1.16547
5.971948
1.154103
1.128688
0.969152
1.09727
1.183424
1.097853
1.210433
1.225346
0.86386
1.099054
21.139017
11.216024
1.382459
1.017652
3.427308
10.388549
2.488601
1.138435
1.204365
1.042753
1.105567
0.915585
4.206192
5.090663
1.194305
1.031062
7.101464
1.105067
1.192019
1.255054
0.945772
1.067685
20.085547
10.104104
0.806217
1.295744
1.128488
8.520228
1.274896
1.314415
1.154965
1.184696
0.950913
6.010292
0.936703
1.067204
1.276675
1.324899
0.933213
1.132383
1.065813
1.038555
1.063022
1.012357
1.209348
1.076583
1.191577
1.09767
21.161495
11.204587
1.270945
6.922303
1.450207
1.002646
1.238471
1.265868
1.179454
1.712253
1.195424
1.518904
1.159563
10.922449
0.899097
1.469076
1.12528
1.015484
1.040847
1.039098
5.826605
1.06428
1.125866
1.187761
1.126998
1.160528
1.029414
2.132058
8.052057
1.833706
1.113187
1.001268
0.894354
1.105947
1.566252
4.404667
3.410409
3.337278
1.047536
1.123478
0.989282
1.084714
0.97068
1.026349
1.274667
1.223559
1.176777
23.877806
13.973012
4.06715
1.168078
10.947826
1.143111
1.053726
0.876205
1.038183
1.066225
4.563122
1.005581
0.924258
3.26137
1.124279
1.135539
1.189873
1.18022
1.296405
1.377667
1.215204
10.64931
3.686467
1.17372
1.211614
1.081205
1.131425
0.930564
4.080506
0.858544
6.423402
1.137562
1.559474
1.076696
1.132439
1.002435
1.261595
8.81215
1.260961
1.035499
1.133282
0.905385
1.092688
0.983866
1.225161
0.972053
1.183849
19.741581
9.904966
0.871579
7.475577
10.003112
0.84844
1.051713
1.213897
1.783671
0.978533
1.019549
0.998396
1.09547
1.115325
4.310886
0.973843
0.957031
1.109031
1.098527
1.494895
1.030624
6.834183
1.05603
4.243194
1.085526
0.983325
1.204327
1.244174
0.911764
0.97641
1.294676
1.166853
1.222655
1.016425
1.221949
6.942248
1.168992
1.173028
1.274667
0.869634
1.159121
1.139841
1.092901
1.100953
14.916708
5.077144
0.997635
0.979678
0.79662
1.138533
7.062338
0.888848
0.931612
1.018376
1.109052
0.97315
1.082768
5.976666
0.89944
1.017754
1.076916
1.177881
2.732049
1.123783
0.983601
1.311206
0.984625
7.076397
1.090988
1.132322
1.041124
1.143406
1.1203
0.954694
3.620597
1.049883
1.828027
1.18034
1.114196
1.135558
1.107644
1.05372
3.170645
7.149084
1.151528
1.123865
1.037162
1.235507
1.083561
1.034717
1.123136
2.265861
1.073715
1.086571
1.080678
17.727359
7.832479
6.189704
0.98183
1.017144
1.442335
0.946822
4.150338
1.21663
1.023957
0.949375
1.536007
0.879673
1.084452
1.129888
1.343547
1.223453
1.447863
1.100265
1.048175
1.449046
1.042001
1.418151
1.118901
6.688201
2.232629
1.027979
1.200414
1.201699
1.215362
1.07578
1.056752
1.01206
10.049439
1.496601
1.18725
1.20128
1.253524
1.147634
1.278268
1.173114
1.118616
1.072391
17.728052
8.854036
0.932399
9.211268
1.203819
1.123305
1.028086
1.078389
1.358916
1.115457
1.16825
1.141294
7.767471
1.109623
1.180483
1.195194
1.050411
1.104029
1.050619
1.122826
5.895956
2.083225
1.175199
1.054043
1.271283
1.32137
0.998854
5.892828
1.147632
1.12646
2.820598
0.982064
1.190584
1.201914
1.155858
0.91286
1.113497
1.469994
1.057066
0.982167
1.181755
2.822838
1.058992
1.142071
1.112841
6.078184
17.031779
7.156899
1.116633
1.153264
3.077741
5.176624
1.201126
4.70994
1.114544
1.161011
0.933282
0.984854
1.069898
1.097376
12.355711
13.088499
8.784791
1.018947
1.001135
1.159984
1.129587
1.04191
14.736412
9.947029
1.080591
1.073148
1.253468
0.985839
1.13951
0.856094
16.372582
15.075527
5.965444
1.181736
4.011054
1.042734
1.469856
17.912614
8.03555
0.975083
1.062163
1.025554
1.166312
1.238135
1.199008
1.330602
1.28472
13.870569
4.042593
0.960212
1.233436
1.160956
1.122119
6.663325
5.213047
1.124596
1.152106
1.289245
1.350735
0.894938
1.082013
1.050143
2.112245
1.154604
1.075365
1.153455
1.109668
1.188303
2.724128
1.265214
1.098027
1.168294
1.036981
1.184541
6.033255
1.249021
7.478882
1.090405
0.997857
1.285978
1.237664
1.167773
1.229302
1.122155
1.090382
1.050018
18.770996
8.927236
1.074017
0.973001
