0.564671
0.958459
0.836828
3.226743
0.977521
1.144791
1.062971
1.091142
0.876152
1.156406
0.747504
1.118529
1.177167
1.256582
0.99497
1.132249
0.9718
4.120382
1.168193
0.87113
1.144198
0.869979
1.259918
0.878494
1.176387
1.082493
1.130123
1.20594
0.878432
1.032593
0.92323
1.053851
0.93006
1.262451
1.128048
0.818955
1.006951
0.829151
1.03589
1.322901
1.350073
0.930251
0.955914
3.899325
1.138352
1.136447
0.927536
1.233607
1.08989
1.137724
0.781722
1.161738
0.962961
0.934851
5.604017
1.089572
1.047609
0.986107
1.154792
0.932264
1.066511
1.191792
0.959639
1.515016
1.145434
3.003663
0.859688
0.89278
1.062817
0.948662
1.168415
0.969197
6.606031
1.649341
1.160151
1.08134
1.147977
1.230478
1.143655
1.077674
1.139499
1.056891
0.964786
0.937635
1.084744
1.008221
0.871395
0.880083
5.261597
1.083163
0.894484
1.024325
1.141994
3.731668
0.931807
0.958538
1.176453
6.266598
1.029619
0.853185
0.975306
0.882176
0.866925
1.007965
1.235026
1.094528
0.874524
0.963363
1.042306
1.121607
0.808945
1.128228
1.286816
0.835959
7.23441
1.131463
1.160583
0.94635
0.929454
0.89102
0.925738
0.95434
0.904364
2.21114
1.765918
1.117067
0.846693
1.204673
0.958013
0.869817
1.225477
3.965767
1.194286
0.907198
1.287143
0.816261
1.102092
2.078246
1.135468
0.917858
1.038806
1.203864
0.855114
0.823823
1.197486
1.185793
2.220836
0.72285
1.110216
0.833671
1.122043
1.081832
0.803283
2.743137
1.181165
1.144786
1.019981
1.048741
1.009527
0.918066
0.980819
1.452405
1.116508
1.056284
3.791153
1.189751
0.835226
1.195601
0.928574
0.840568
0.951567
2.141811
0.83482
1.120456
0.844144
1.006307
0.844188
1.127152
4.518319
1.181186
1.180361
0.920934
1.037053
1.169671
0.929401
0.974878
1.101128
0.71561
1.298154
1.114266
0.952846
0.970141
1.258913
1.128367
2.071637
1.097067
1.066362
0.870812
1.134668
0.824744
1.338622
0.924749
2.574511
7.929806
0.806269
1.120862
0.795622
0.762334
1.088028
1.357768
1.343723
1.1193
1.050193
1.116914
9.004114
1.244245
1.05852
1.227773
2.996578
0.991322
1.922265
1.289527
1.157227
1.198947
0.853569
1.044676
0.876857
1.101487
0.848297
1.001732
1.083622
1.266007
0.897079
0.836576
0.921105
1.157556
0.942752
0.757216
1.078521
0.962134
1.11911
0.978136
0.93729
3.159324
0.829896
0.987391
0.94488
0.894873
1.022355
0.923356
0.862865
3.198379
2.209575
0.953557
0.937175
1.154046
0.881087
1.010891
1.023669
1.177573
1.234249
1.101167
1.259644
0.895524
6.621205
1.119889
1.209754
0.799835
1.175997
1.06448
1.152254
1.163568
1.232475
1.086633
1.3336
2.795426
0.956466
1.304774
1.315006
1.083812
1.296688
0.879531
1.338493
1.109874
2.114922
0.779074
1.573954
0.883099
1.107988
1.195792
1.271016
1.069567
0.790732
3.29837
0.87594
1.262943
0.849261
1.004719
0.972518
0.882374
0.89686
1.078657
4.470044
1.080237
0.96715
1.074783
0.978308
0.91504
0.733378
1.071265
1.221698
1.145106
1.745743
2.76682
1.284572
1.174485
1.162264
1.035211
1.19242
0.967855
0.801408
1.017128
0.987997
1.227544
1.105613
1.060905
3.070123
0.799385
0.87623
1.13224
1.145028
1.146729
1.547994
0.975285
0.843175
1.019819
0.930659
1.09589
0.907536
1.064432
0.875481
0.94088
0.80085
0.969181
3.0811
0.899495
0.829398
0.950842
0.836778
0.922521
1.134416
1.05549
1.323417
0.908131
1.165871
0.893204
0.946182
0.969804
0.994744
0.823332
1.027721
1.019727
1.057212
3.802394
1.064914
1.059435
0.857452
3.036417
0.91782
0.788184
1.006115
0.859333
1.168314
0.954797
0.883102
0.975302
0.86766
1.008972
0.985346
0.854599
0.895041
0.988709
1.181679
1.239861
1.635307
1.270585
0.88503
0.779487
1.051746
1.045648
1.054515
1.019665
1.543512
0.876311
1.238793
1.297666
1.073244
0.883856
2.497075
0.89848
0.997826
1.009798
0.836938
1.126116
1.170324
0.963438
1.015252
1.082648
1.044852
0.930545
4.362276
1.144853
0.922202
1.149149
1.299045
2.181494
1.006127
0.884168
1.146703
0.806995
0.957726
0.843322
2.077725
0.907285
4.122131
1.123226
1.088222
0.914097
1.176289
0.724879
0.965921
2.121052
0.945701
0.900533
1.27942
1.159322
1.639867
0.937367
1.130344
0.724804
2.084723
0.946404
0.967161
1.122016
1.163974
1.172605
1.214224
1.061645
1.175356
0.863877
1.293587
1.159452
0.941812
0.860252
1.016627
1.168959
1.171876
1.283221
1.117412
0.826449
7.669897
1.037397
2.096012
1.145803
0.962634
1.18808
1.083126
1.26901
0.91518
0.956977
1.228326
0.959616
1.094612
2.767194
0.817771
0.788718
1.178848
1.037519
1.199326
0.799087
3.217115
0.932454
1.084011
0.837612
1.084013
0.997565
1.03337
0.972735
1.138506
4.4419
1.488728
0.906492
1.351556
1.034898
0.99525
1.238662
0.88242
0.78224
0.840632
0.907609
1.116618
1.053954
0.87165
1.038354
1.145256
1.115652
0.989346
6.832878
0.79209
0.961751
0.894535
1.262883
7.351015
0.795497
1.075741
0.740718
0.897022
1.468232
0.957958
0.982869
1.082649
2.720305
1.218716
1.114965
1.031398
1.179625
0.809652
1.015206
0.998543
0.876601
0.891066
0.816039
0.882327
1.000734
0.968252
1.065856
0.853742
0.902495
1.870235
1.284685
0.83506
1.136093
1.832193
1.037829
1.129859
2.748821
0.751729
1.286181
1.413014
0.920297
1.050745
1.021074
1.168285
1.080842
0.956082
3.074466
1.179873
1.139721
1.161746
0.859423
0.94018
0.927717
1.022933
1.998327
1.174534
0.985357
1.183565
1.006237
1.922944
0.770412
0.962196
1.185354
0.937973
1.072128
1.142457
0.949308
0.931734
0.979961
1.135372
1.859714
1.169492
1.242651
1.045928
2.196564
1.129735
3.154825
0.865693
1.21693
0.821652
0.953688
1.168531
1.039533
0.974822
3.644026
0.989069
0.835194
0.920874
1.070118
0.937272
1.106454
0.901995
1.002368
1.395279
7.972484
1.047632
0.809657
1.220921
1.146355
1.164811
3.554916
0.877681
1.066609
0.935028
0.946867
1.034747
0.78736
0.985927
1.032858
1.023813
1.074416
1.055583
1.108359
0.952605
0.953985
0.901059
1.005229
1.082972
1.151615
0.953912
0.929164
1.233444
1.111474
0.90229
0.879248
0.878808
0.751478
1.1886
1.018574
0.871528
1.116442
1.012569
0.932219
0.933969
6.044711
1.165265
1.166813
1.163061
0.977002
1.148245
1.031805
1.135028
1.169219
7.411117
2.131643
1.152836
0.836062
1.229685
1.059649
0.868371
0.826071
0.924281
1.007802
0.823058
0.817484
0.947991
0.916514
1.116739
0.940031
0.727906
0.887876
1.026368
0.931509
0.961942
0.835267
0.964592
4.007149
0.906838
1.419942
1.097941
0.978051
0.934055
0.744531
1.340167
1.103463
1.029928
0.928971
0.964441
0.958842
1.105479
0.900941
0.885947
1.109561
0.880182
0.89672
1.241773
1.138921
0.888775
1.225834
0.99159
0.846875
0.961385
1.016937
2.032618
0.769782
0.935109
1.107543
1.128365
0.897454
1.085978
0.806259
0.973208
1.191894
0.836195
1.134957
1.179073
0.84996
0.814266
0.997032
5.609257
0.855956
1.202154
0.977702
1.071963
3.578374
0.954517
0.89592
0.876161
0.962256
1.026227
0.998812
1.250959
1.064672
0.829132
3.517465
0.908665
1.097447
1.336529
1.105941
0.951629
0.99176
3.3568
0.972781
1.475618
1.089628
1.208667
1.123446
1.122607
1.006428
1.077235
1.053399
0.931235
3.452343
0.839896
1.126061
1.050026
0.948875
0.834097
1.281375
3.633969
0.783172
1.174541
1.130639
1.081305
0.929615
0.988432
1.017572
0.97412
3.753282
1.300035
0.937432
1.111109
1.02989
0.917253
1.357307
4.319878
0.966755
0.826609
1.197039
0.923259
0.903169
0.898413
0.859295
1.18052
0.976538
1.208867
1.15356
1.192474
1.2118
1.015043
3.818182
1.170784
1.090882
1.273029
2.115772
1.098694
0.952591
1.222844
0.854766
1.37113
1.158929
4.082804
1.070316
0.929417
1.132069
0.972249
3.395284
1.141443
1.48581
1.109642
1.158025
0.883086
0.688155
1.221486
3.665885
1.074301
1.177412
1.006824
1.048049
1.206406
0.736071
0.925585
0.98843
0.959655
0.865716
0.79578
1.041022
0.953849
1.160824
1.816378
0.689448
0.95712
1.154364
0.993831
2.374105
0.896626
0.719964
1.07394
1.034852
1.182496
0.987567
0.973941
0.875774
1.116474
1.183007
1.045802
0.939774
1.076096
5.42549
1.655717
1.144847
1.112932
1.03727
1.12153
2.340066
1.050454
0.944113
0.983489
1.0867
1.263886
0.878934
1.120584
1.112363
2.126191
1.04684
1.701712
0.942027
1.115272
0.873857
1.24146
1.019993
4.586643
1.469149
1.085978
1.031598
1.407129
1.176254
0.932545
0.914219
0.997548
8.860895
0.943698
0.97244
1.015375
1.02593
1.094037
1.001943
0.770347
1.352915
0.948021
1.098621
0.892267
0.994385
1.034231
0.908629
1.020501
0.983659
0.830756
0.999665
0.919185
0.813107
0.905062
1.020758
1.205672
4.727706
1.243818
1.161222
1.163902
0.95605
0.98065
0.904017
0.932176
1.131299
0.817009
0.896383
1.243332
0.898132
0.854802
1.00013
1.056324
0.833035
0.780547
1.153354
2.146673
0.861298
0.897404
1.058452
1.048535
3.105574
1.124777
1.107657
0.884586
0.974541
1.233773
1.195303
1.123346
0.934724
1.103035
1.219983
0.862469
0.836674
1.118504
0.999612
0.934538
1.175366
0.89317
11.14985
1.437914
0.825195
1.119741
1.036799
0.895143
1.194193
0.818253
0.964104
0.88822
0.998652
0.846758
0.868415
1.071699
3.905575
0.957701
1.057409
1.30226
1.061925
1.04789
1.068951
1.108994
2.966133
1.063609
1.052548
0.904019
1.086034
1.929333
0.898608
1.000225
0.729582
0.952175
1.115994
0.972315
1.135644
0.986247
1.124643
0.805033
0.870194
2.207483
1.057422
0.989528
1.13607
0.793314
0.903112
0.932927
1.024407
1.947703
1.030292
1.057689
0.886466
0.851359
10.078969
2.254727
0.84453
1.103524
1.296155
1.012008
3.004354
0.80785
1.12549
1.037765
0.873276
0.957753
0.837132
1.020717
1.181947
1.169885
3.394111
1.316386
0.788714
1.098915
1.046673
0.905653
1.233943
2.421896
0.946555
1.207632
1.374075
0.909133
1.095841
1.211918
1.808303
1.008038
0.952009
0.798295
1.114038
0.853712
1.078681
1.105141
1.027322
1.075054
1.183513
0.958424
0.818847
4.307941
1.208599
3.012639
0.979861
0.961718
0.981604
1.063401
1.169269
0.877884
1.191185
0.854945
0.973076
1.245961
0.927991
1.035409
4.389289
0.92942
0.982595
0.824196
1.050454
1.185707
0.85789
1.309562
1.116436
1.109241
1.28883
0.858209
1.167101
1.110086
0.890744
0.805398
4.237721
1.005246
1.016614
0.968834
1.087904
1.247127
2.164007
0.901745
1.241266
1.103477
0.918832
0.967065
1.213535
0.693297
0.980007
0.915319
1.260439
0.887688
1.048648
0.859594
12.953396
5.036442
0.934293
1.085912
0.989633
0.896608
0.939842
0.873717
0.952653
1.099416
0.817908
0.770079
1.046448
1.04384
1.286462
1.031073
0.911764
0.746829
1.109748
3.628356
1.520332
3.901763
1.146774
0.993407
1.206463
1.227421
1.045009
1.027306
1.172748
0.755325
2.850113
0.921734
0.991293
1.212275
1.105894
1.212618
1.273022
1.25156
1.188574
1.176345
5.061735
2.604684
0.767946
1.342836
0.82923
0.873266
0.925784
1.022888
1.075651
4.238556
1.059882
1.065104
1.132746
0.788787
1.483258
1.006125
1.198645
1.103663
1.101683
0.888782
0.980799
0.920571
3.022937
1.100393
1.022574
0.9914
0.838148
1.210337
0.918368
1.143793
0.869925
0.907459
3.110266
0.848634
0.960081
0.999844
0.975664
0.990364
1.020977
0.82653
0.811393
1.095313
1.176948
0.898891
1.098007
1.13867
1.201228
0.876573
1.227941
0.775527
9.161121
1.132311
1.620299
1.145807
1.064677
0.789603
1.092346
1.255062
1.193197
9.147192
0.720187
0.894073
1.172405
0.90831
2.070626
1.169751
1.154572
0.870616
1.129411
0.957483
0.785795
3.015507
1.103461
1.19127
0.810547
1.211881
0.954687
0.95733
1.146209
0.951977
1.249807
1.251152
1.654571
1.260858
0.822015
1.245065
1.257584
0.944707
2.199726
1.078838
1.038575
1.007259
1.138687
0.966676
1.000554
1.183579
1.216901
2.217816
1.016827
1.247733
1.180788
1.150417
1.100438
0.905988
0.790005
0.970908
0.983597
0.97198
1.17517
9.210975
1.020768
0.816927
0.939717
1.061757
1.153396
0.922647
1.174034
1.008763
0.858966
1.025086
1.009776
8.136227
1.134659
1.202164
1.002585
1.100912
1.249545
0.858867
0.992027
3.144887
1.347369
1.130722
0.883254
1.05853
1.009243
1.100976
0.77211
0.978988
0.973621
1.176387
1.233292
1.121762
1.233527
0.825288
1.120304
0.817679
1.428038
0.807355
1.223318
1.0483
1.062787
1.167781
1.802382
0.889846
1.092869
1.049672
6.988775
1.189109
1.190328
0.98632
1.060169
4.09547
0.907123
0.891827
0.964453
0.827603
1.014231
0.888809
1.224064
1.075504
1.055416
2.390414
1.060412
0.988277
0.968868
0.966725
1.011705
1.119919
0.968721
1.490185
0.856146
1.175859
1.037513
1.094934
0.949174
1.07159
3.133131
0.918635
0.83672
0.949912
0.918715
1.193564
1.192398
0.913605
1.226779
1.560902
1.116979
1.220382
1.098553
1.207078
1.150526
0.809896
2.715594
1.146263
1.109757
7.874822
0.807717
1.173122
1.191183
0.727745
0.831842
0.957127
0.909395
0.995816
1.005981
1.042361
1.207588
1.187964
1.121704
1.093958
1.104031
1.043487
1.007607
0.930975
1.321222
1.180287
1.260701
1.232698
0.947254
1.219373
1.181881
3.994701
1.189237
1.2759
5.450363
1.136956
0.955543
1.371543
0.874788
1.066523
0.87511
1.070268
0.909596
1.024598
0.982841
0.904846
1.064879
0.922435
1.171281
0.862315
0.978258
1.097253
1.131719
8.207339
0.81082
1.201867
1.342399
1.054425
1.838695
0.982785
1.010025
3.695708
0.917327
0.720797
0.821112
0.881305
3.195882
1.137138
0.956386
0.873985
1.019632
0.978063
1.068321
2.131232
0.942596
1.092126
0.922259
1.156167
0.905093
0.823996
1.20727
1.029211
0.915017
4.649616
0.956342
0.977025
0.957779
1.139165
0.961815
1.058412
1.083545
1.136363
1.003519
1.28971
1.079757
0.842057
1.003497
0.940374
1.269442
1.132494
0.853584
2.560449
0.815366
1.855931
7.410417
0.902123
2.785663
0.904178
1.443298
1.468964
0.87757
0.829532
0.811773
0.798201
0.993363
0.900289
1.169496
1.135835
0.807918
0.932165
1.123695
1.041512
1.207803
1.018339
1.150219
1.07935
1.062439
0.921283
0.966736
1.060266
1.179174
0.974329
3.256856
0.865696
0.932978
1.162037
1.08448
1.299354
0.84833
1.158992
1.200164
1.189771
1.111099
0.895267
0.929957
1.044405
1.055689
1.121426
0.866745
1.053488
10.624205
1.183985
0.952411
0.972243
0.86121
4.588855
1.274175
1.169718
0.919676
0.852372
0.825197
1.031239
2.055971
1.056806
0.974022
0.985049
1.065087
1.273072
1.050957
0.938059
1.029884
1.015134
5.566208
0.910588
0.87866
0.836815
1.037743
1.233614
0.840599
3.128283
1.190435
1.117168
2.749227
1.101042
1.030714
1.204061
0.955508
4.256228
0.950453
1.151571
1.199682
1.002973
0.83752
1.174873
0.984894
1.391395
1.079993
1.006659
1.159194
9.953466
1.300156
1.268069
7.18677
1.11641
1.026932
1.244664
1.209888
1.105346
0.912777
1.307283
1.072173
3.006096
1.097653
1.428746
1.002734
0.865357
1.049927
0.974292
2.041152
0.901855
0.903675
1.079667
0.906676
0.85182
0.924766
0.886641
0.925904
4.331483
0.923539
0.968955
1.196848
1.11337
0.907341
0.834251
0.985869
3.021974
1.139078
0.883793
1.136804
1.161339
1.203281
1.111435
0.866969
1.214312
1.121937
1.117045
1.194058
9.338126
0.723072
0.918938
1.343745
0.905937
1.634344
0.958913
0.861668
1.088059
0.883198
1.042219
0.904878
1.089039
1.036632
1.274713
0.815181
0.963431
0.798086
0.858966
0.807982
0.806374
1.400012
1.170404
0.938402
1.990638
0.981728
3.110691
0.897518
1.168849
0.907226
1.027182
0.998218
1.125092
1.026985
0.871393
1.164146
1.574942
0.863286
1.298199
1.003221
0.964963
0.901108
0.873619
0.801937
4.331444
0.778016
0.855713
5.397541
0.991999
0.911255
1.624746
0.923322
1.045415
1.036083
1.218247
1.110128
1.12431
1.551296
0.956076
3.709418
0.968717
0.821416
1.214192
0.946812
0.958568
1.012513
1.079871
0.917515
2.181288
1.053691
0.85663
1.114465
0.843589
1.168407
1.868449
1.23568
1.192881
1.107704
0.966265
1.237268
1.111516
0.940709
1.07363
0.898525
0.867233
1.474345
0.829985
0.931233
0.939453
1.216938
1.16615
1.096102
1.183024
3.12605
0.844038
0.881856
1.14428
1.287509
0.882201
1.039875
0.939383
0.986501
1.093327
1.223348
1.004598
0.889715
0.870262
1.188557
4.240043
0.966
1.022695
1.003972
1.212159
1.178105
1.026328
1.529966
1.217685
4.088513
0.925537
0.886515
1.148259
1.11141
1.032196
3.239315
0.907121
0.893839
1.078818
1.247357
1.068489
1.178252
1.101783
0.811355
1.039947
0.875926
5.050801
1.146325
1.159791
1.108766
1.149396
1.006307
1.149708
0.818216
0.859479
1.030752
6.368109
0.967713
1.11386
0.816286
1.177103
1.889562
1.291834
1.199502
1.109367
0.875313
1.160239
0.820197
4.196293
1.099832
1.004864
0.887761
0.893577
0.938407
0.790176
0.934475
1.261419
1.163392
1.044734
0.877924
1.305251
0.952736
0.989671
1.961892
1.233389
1.513065
0.910779
0.852122
1.379032
1.003723
0.849125
0.740668
0.926011
0.894099
1.150295
1.047501
1.283219
0.933421
0.872281
1.107085
0.862282
1.14966
6.966056
1.216766
1.198006
2.020574
1.163225
1.266004
1.069461
2.139546
1.023894
1.203396
0.82136
1.036189
0.908003
1.163723
1.223405
1.023717
1.144235
1.16306
0.930354
0.764587
1.101592
0.872999
0.81787
1.339402
1.066954
1.059859
1.109682
1.022749
1.152471
1.156261
0.750123
1.20325
1.072957
1.27802
1.138875
1.00111
0.74556
0.915446
1.15449
3.070279
0.947782
0.859363
1.253617
0.910001
0.979079
0.9784
1.160618
0.93689
1.061016
8.97033
1.006772
0.977372
1.060953
0.825064
1.083456
3.605011
0.922504
0.75846
1.124032
1.116896
1.05218
0.915848
1.203278
0.967363
0.824198
3.990061
1.098694
0.910225
1.629385
1.214104
0.988513
1.265701
1.054112
0.970116
0.875031
0.975582
1.404152
1.10675
1.213083
0.82564
0.834375
0.941519
1.278034
0.837154
0.925904
0.897989
1.071275
1.065448
0.848966
5.902972
0.99783
0.875911
0.835842
1.031362
1.282763
0.878824
1.019261
1.23094
6.957847
1.828501
0.840685
1.197029
1.18836
3.256102
0.993756
1.16388
1.215438
1.214648
1.20649
0.93412
0.819404
0.909385
0.841366
1.225033
0.895609
0.966045
0.921602
2.58684
0.98241
0.927348
1.12894
1.188015
0.937825
1.151323
1.03138
1.076931
0.92185
1.197215
1.021065
1.229497
1.353735
1.040296
1.020558
1.830534
0.936503
0.755994
1.091692
0.771407
1.002352
1.192637
0.87049
0.991198
1.004305
1.352457
1.011481
1.235545
10.270696
3.853884
0.970855
2.354265
0.926999
0.948278
1.069987
0.93989
0.83043
0.952853
0.906515
0.831544
0.896591
0.846193
1.128924
1.07479
0.7766
4.234195
1.001316
0.835106
1.094357
1.13831
5.978906
0.904994
0.915608
0.88611
0.934405
1.060655
0.913983
0.963347
1.092347
1.083362
1.013871
0.907422
1.499045
1.00613
1.004994
6.185233
1.09889
1.64068
1.289415
1.16537
0.952021
0.811426
1.144431
1.11125
0.878232
1.359324
2.84234
3.463864
1.182765
1.22233
2.749957
1.096202
0.911371
0.927667
1.19971
1.199796
1.055752
1.106484
1.035497
0.990762
1.341648
1.215255
1.117222
1.14108
0.891684
1.296997
1.024137
2.938566
0.774451
1.049465
0.93257
1.005046
1.316005
1.164401
0.875077
1.009593
0.849185
0.928534
1.027727
0.97181
0.809407
0.988432
1.108884
1.847135
0.954234
11.646667
2.987918
1.215044
1.301827
0.978781
0.962871
1.009464
0.914956
0.889827
0.897606
0.867763
0.888687
8.190285
1.536005
1.103737
1.129759
0.818682
1.092865
1.348676
1.088726
0.936772
1.096975
0.888255
0.958736
0.842817
1.083563
0.89578
0.919601
0.926767
1.027797
1.860879
1.284049
3.085856
1.030282
0.898084
1.095332
1.015354
1.224462
1.179257
1.035506
0.880201
0.871164
0.963306
0.941384
1.136828
3.282313
0.964866
0.994648
0.997395
1.28826
1.232656
1.179326
0.98729
1.106286
1.263397
1.122342
7.082256
0.741459
0.934412
1.15685
0.784831
1.038193
1.027213
1.083823
0.947329
0.831489
0.88828
0.962554
0.971723
0.96986
0.935686
0.845075
0.841033
0.950491
1.557127
1.225083
0.836679
0.838585
0.834303
1.041084
1.132941
0.943116
1.217109
0.999478
0.929403
1.112811
1.050985
0.954845
0.864914
0.991837
0.849201
1.113483
0.890623
0.918367
1.004691
0.947042
0.802402
1.112196
0.744573
1.160154
1.230131
1.15948
0.894461
1.151491
0.920376
12.182603
2.474508
0.869085
1.017445
1.040971
7.164675
0.881247
0.854212
0.799033
1.199109
1.278338
0.985046
1.310484
6.034721
1.114657
1.051051
1.011772
1.033332
0.89049
1.135196
1.054101
1.120631
1.233446
1.181461
2.629689
3.962244
0.914472
1.026697
0.889451
0.891766
1.097252
6.922436
1.301055
0.864985
1.110433
0.937655
1.305945
1.158163
1.094403
1.005804
4.224798
0.879824
1.08127
0.823692
0.934677
1.176231
1.131462
0.800225
1.078668
0.92015
0.94403
1.146141
1.054851
8.961279
0.831917
1.290927
1.073294
1.193431
0.873887
0.805828
0.86947
1.212947
1.134214
1.045367
6.049062
1.042156
0.89472
1.204863
1.018632
0.980948
1.240408
1.833813
0.996464
0.95611
1.00707
0.811415
0.899624
0.830507
1.202927
5.417721
0.840315
1.064558
0.953827
0.971651
0.975506
1.015902
1.237295
1.215439
9.900195
0.994551
0.928094
1.284305
1.095189
0.919047
0.977218
0.976732
0.969738
0.893379
8.986734
0.730467
1.27401
0.956066
0.96501
1.078763
0.973459
0.822051
1.380573
1.160688
1.14923
1.132749
2.292975
0.859105
1.041502
1.020008
1.285472
0.925136
0.818253
0.773291
1.515456
1.165763
1.037053
0.992714
1.009176
0.899987
1.105087
1.964872
1.190828
0.893586
0.976992
0.817316
1.044566
1.051343
1.311889
1.004067
0.773468
1.296047
0.757048
0.786865
1.035585
1.014691
1.175832
0.917889
0.911731
0.973658
0.914611
5.847579
6.159515
0.848607
1.176461
0.958493
1.007291
3.163615
0.922688
0.865658
1.008341
0.898182
0.797908
1.253209
1.01377
0.921814
0.968415
1.153988
1.127211
1.241847
1.122398
0.845508
1.193144
5.968644
0.919108
1.041493
1.114717
1.244514
1.004826
1.060259
1.14655
0.960085
5.437168
0.979117
1.118531
1.235975
1.095492
0.90252
1.082967
0.957888
0.982427
0.973442
0.950953
1.608592
1.212779
1.060958
1.17861
1.092311
0.92102
1.075309
0.970327
1.533746
1.177009
9.8705
4.002675
0.762057
1.693382
1.055112
1.027099
0.738806
0.870015
1.135155
0.923572
1.13884
0.96577
1.565499
1.213725
1.215491
0.893676
0.853375
0.858375
1.129843
4.106777
0.806586
1.098779
0.911836
0.936136
1.221046
0.945431
0.978734
4.110936
1.169774
0.842592
1.636506
0.883595
0.961027
0.874275
0.784836
2.1248
1.624488
0.991662
1.241961
1.08558
0.94383
1.145579
0.935594
1.330807
0.949167
1.106271
1.08375
1.075145
13.776275
3.922122
1.084756
0.974166
0.861805
0.913959
1.261712
1.139922
1.036978
0.915052
0.859569
0.952344
1.182296
1.000401
1.083928
0.951476
0.933255
1.335953
1.097989
1.261703
1.93375
6.697921
1.085152
0.808223
0.920832
0.913216
1.113045
1.264554
2.382992
0.862787
1.600619
1.183051
0.977533
1.085923
1.098715
0.97602
1.195768
0.885227
0.965551
1.369119
3.813219
0.974272
0.794981
1.207096
1.249676
0.790838
0.838869
1.294077
7.419739
0.690895
1.038833
1.187431
1.02434
1.148422
0.904846
0.940836
1.142767
0.859422
1.036696
4.261664
1.763166
0.919787
1.265558
1.032644
1.112856
0.961111
0.873281
5.149388
0.796884
1.089109
0.860063
0.894016
1.158039
0.846289
0.870426
4.996235
1.388559
1.135096
1.208153
0.964182
1.076219
0.900706
0.889635
1.184097
1.065822
7.278552
1.091342
0.959221
1.25547
0.877218
1.015529
1.134694
1.123734
7.092411
0.924968
0.882276
1.162822
1.104143
1.159347
0.996999
0.875653
0.868659
0.835636
1.298618
0.97866
0.959258
0.921133
0.923442
1.157791
0.813122
0.938922
1.151139
1.107193
0.889695
0.938415
3.916578
1.093727
1.126859
1.085035
1.148446
0.851258
0.94228
1.307659
1.267111
1.095081
1.232466
1.076233
5.95957
2.681682
0.84654
0.878635
1.240405
0.866692
0.99949
1.092306
0.794327
0.920123
0.886751
1.28439
1.070797
1.072942
1.058907
0.821472
6.827127
0.91833
1.013541
0.939045
0.906961
0.937469
1.065686
1.105209
0.868288
1.176248
0.760239
0.948497
1.07998
1.154237
0.945447
0.991065
3.680816
1.882784
1.10004
0.914654
0.853091
0.907715
7.963649
1.270632
0.958514
0.991225
1.582442
0.969459
0.886216
2.483584
1.025804
1.19755
1.042228
1.108736
1.114096
1.033059
4.82326
0.957024
1.056457
0.969384
1.06056
0.804762
0.941176
1.049149
0.821061
7.269636
1.042638
0.896948
1.028745
0.853826
1.392907
1.111277
1.188726
1.180155
1.050626
1.203208
0.94362
1.076635
0.8316
0.943509
0.882808
1.333497
1.322117
0.935637
0.946255
1.228115
0.81026
1.182367
0.92249
0.983968
0.895626
1.064363
1.017591
0.986409
4.234871
1.076658
1.007067
0.893545
1.255791
1.138869
1.259539
0.862019
3.513173
0.984725
0.97131
0.958713
1.052148
1.210556
0.822502
1.204565
1.019874
1.174513
1.116347
1.029343
11.575681
1.659513
2.116662
0.810519
0.941833
0.947254
0.844037
0.857139
1.016577
1.162397
0.756104
0.905661
3.27708
1.065799
1.047125
0.83727
1.097664
1.238239
0.855175
1.124968
0.983591
0.811778
1.064496
0.919173
0.865019
1.110837
0.973691
0.917852
1.239256
1.220908
0.882396
0.937475
1.103018
0.947954
0.871811
1.175233
2.234071
0.876268
0.891494
1.096831
0.803551
0.958541
0.820245
0.906087
0.880944
0.891457
1.248451
9.904341
1.095676
1.078517
0.818345
1.835428
0.961817
1.032744
1.072317
0.885487
1.024297
0.805043
0.860888
1.047332
0.867367
0.927008
0.919942
3.530138
1.81422
0.967748
1.158755
0.926614
1.110966
5.421948
1.085945
1.253228
0.745008
1.127229
1.142003
0.854189
1.372746
0.847689
0.869165
7.254689
0.897298
1.040152
1.070437
1.198874
1.250399
1.079046
0.853419
1.07733
0.995617
3.022296
1.101119
0.948324
1.063366
0.939252
1.100119
0.862757
1.25073
1.032615
1.048747
1.237241
9.123775
0.798362
1.049015
0.819482
0.921774
1.238417
1.224877
1.258059
0.910145
1.213028
1.009529
0.911663
1.901601
1.170069
1.205035
0.856267
1.012406
1.156146
0.984508
0.909266
1.151149
0.95609
1.033823
3.562137
1.016486
1.01475
0.986542
0.869938
1.059148
3.136765
0.938048
0.893875
1.154183
1.178158
1.1698
0.965569
1.087191
3.809805
1.272984
1.13658
0.985173
0.999145
0.893261
1.617491
0.921163
0.989451
0.813975
2.979977
5.53445
1.06339
1.015368
1.239276
2.116109
1.021303
0.817327
0.871267
1.227744
1.131242
0.980753
1.188296
0.93766
1.136618
1.013569
0.931565
0.743437
1.010268
0.889777
1.220305
1.181496
1.244176
1.000057
1.185936
0.929828
0.920179
2.625926
0.946592
1.080077
0.971741
1.120926
0.980885
1.010744
0.97949
1.216756
0.96351
1.163458
1.034615
1.204724
1.283367
1.079337
0.992466
0.978986
1.132865
0.953984
0.997792
0.944848
10.761861
0.777487
1.176673
1.136396
1.027269
1.123212
3.479554
1.010904
1.114159
1.141137
1.072752
0.990248
1.153461
1.074404
0.992843
3.369792
0.978313
0.953545
1.154563
1.048736
1.2336
1.12407
1.022992
1.011914
0.906498
0.99489
5.927383
1.091981
1.196258
0.963638
1.138014
1.109065
1.184142
1.224071
1.703268
1.014737
1.283998
1.825716
0.9198
0.847099
1.2886
0.889705
1.213713
1.186334
0.784683
1.334005
1.152107
1.134063
1.102028
0.899123
7.937552
3.453399
0.969052
1.207964
1.028281
0.964852
1.099206
1.241607
0.794387
1.19271
4.89016
0.996495
1.098196
1.182953
1.160361
0.903863
1.10234
3.572701
2.348227
1.244156
0.75556
1.118377
1.071744
1.184737
3.138197
0.854685
0.886196
0.96419
1.096489
1.245283
0.937093
1.016544
1.106384
0.93488
1.1865
1.255386
0.848061
1.553213
1.151063
1.124459
0.870474
1.06608
5.195426
1.153557
0.926377
1.049683
0.973074
2.448731
1.151436
0.910308
1.25716
0.81773
1.2796
0.932071
1.115178
1.173981
1.216757
6.581817
0.913452
1.042779
0.925239
0.926414
0.988351
1.277463
4.935265
1.170725
0.789294
0.977923
1.334891
1.113837
0.954504
1.137105
2.430235
0.845107
1.814949
0.860245
1.152078
0.955624
3.480998
0.9869
5.269021
1.436184
1.050414
1.106461
0.924563
0.960075
1.095483
1.188538
1.226007
1.132775
1.212023
5.520727
1.130963
1.049094
1.084068
0.873364
4.56105
1.1013
1.218896
1.223276
0.905235
1.036484
1.240532
1.20138
5.704143
1.168734
1.262915
1.267841
2.048639
1.155875
1.209974
1.139249
3.41295
0.901752
1.256441
2.276079
1.003529
0.968846
0.9581
1.494171
1.077448
2.37146
1.227253
0.937484
1.185083
1.275645
0.929757
1.109021
1.141911
4.941202
1.081643
1.185361
1.121929
1.166757
0.977874
1.236572
1.327745
0.892343
0.75682
1.092715
6.939637
1.025178
1.01593
1.057987
1.073126
0.844679
1.266948
0.805348
1.175544
0.920215
0.955128
1.091361
1.88405
1.131964
0.870011
1.016343
0.949445
1.032886
1.213323
1.287084
2.225031
1.384027
0.922727
0.899194
1.03419
1.110786
1.25993
1.311166
1.195856
2.300964
1.194335
1.042478
1.080473
1.140826
0.878975
1.058798
3.081371
0.915761
1.857184
0.898145
0.74646
1.138046
1.208665
0.86531
1.125516
1.113815
1.249826
2.988932
1.544281
0.941731
1.350788
1.024233
1.043341
1.078048
1.241802
0.977372
0.949587
1.083013
4.305486
1.282213
1.077747
3.195964
1.048703
1.264909
1.2366
0.932733
0.893453
0.98604
0.867114
5.262911
0.932498
1.015293
0.8755
1.313255
0.914814
0.793581
0.918244
1.009186
1.221834
0.913831
1.179268
1.172622
0.972831
1.115773
1.103955
0.716034
0.831213
1.004527
1.163772
1.251656
0.942455
1.124397
1.337002
0.94844
0.825051
8.552374
0.71386
0.990274
0.911192
1.054557
1.193776
1.028191
1.1539
0.997236
1.253577
1.261715
0.989191
1.091491
1.024446
2.820713
1.160167
1.341429
1.225927
1.167337
0.892707
0.983593
0.926592
1.390362
2.656371
1.886995
1.232276
1.019179
0.993254
1.087694
1.284725
1.10955
1.090015
0.958211
1.281459
0.942348
0.796205
1.19757
1.115915
1.351795
2.924927
1.11096
1.521178
0.97875
1.020901
1.057685
1.220568
0.999246
7.118766
1.134576
1.231648
0.890951
1.124772
1.242862
1.221142
3.176193
0.929651
1.14028
1.227681
0.845372
1.07218
0.984394
1.621658
0.9663
1.013277
1.00416
1.228434
1.255571
1.113333
1.089789
1.099433
0.992636
0.941059
0.967661
1.28684
1.103
1.016195
1.194342
1.134487
1.112144
1.087809
0.925481
0.965483
1.168606
1.221618
1.208424
1.07401
0.839143
1.073257
1.040189
1.127962
0.982273
0.890035
1.006639
0.825967
1.129306
1.226908
1.014122
1.205654
1.200695
1.037395
1.182233
0.969834
0.993586
1.094165
1.164158
1.231492
1.177184
1.018575
1.239723
0.9164
1.195
0.856721
0.858359
0.834361
1.005783
0.848462
0.925079
1.056543
4.794097
0.923646
1.104337
1.141539
0.979784
2.081785
0.855926
1.0519
4.117423
0.945511
1.17873
1.042516
0.988627
1.269237
1.041433
2.467923
1.19829
0.945759
1.955203
1.03684
1.041255
1.14637
0.961085
1.051591
1.190068
0.882796
1.016909
5.263655
3.105938
1.260783
0.905365
3.051591
0.969624
1.218736
1.80169
1.165568
0.767816
1.2067
1.035648
1.007874
1.109466
0.860798
1.174551
1.052901
0.90857
0.880383
0.931278
3.240618
0.900431
1.021779
1.061221
1.172328
1.040514
1.19878
1.046045
1.570064
1.88992
1.378769
1.148505
1.185159
0.8539
1.202398
1.256366
1.061383
5.994323
0.934812
1.034991
0.987527
1.096647
0.863678
1.099061
4.076707
1.005707
1.259568
1.149102
1.228465
1.011322
1.225392
1.26847
0.897226
1.192931
1.175071
1.139176
1.199487
0.918211
4.023407
1.133291
1.113873
1.115556
1.106681
1.09479
1.101118
1.004244
0.890168
1.0748
0.879542
0.956546
0.967426
0.922645
1.065153
0.950183
1.103723
0.952475
1.679849
0.90551
1.209595
5.166077
1.083105
1.065821
0.871508
1.197263
1.204309
1.251587
1.464249
1.220246
1.536194
0.99607
0.962923
0.810299
1.033611
0.92565
5.471093
1.139942
1.215726
1.09144
1.228916
1.026878
1.034215
1.178523
0.91566
1.298455
0.723254
1.156917
1.143696
1.367903
1.177111
0.830591
1.169003
1.167339
1.03959
0.921371
1.018703
1.029601
1.300106
1.426474
1.173854
1.271473
0.985282
0.895995
0.92657
1.00608
1.23964
2.326296
1.262693
1.216903
0.953638
0.837892
0.90175
1.073918
7.051764
1.083127
1.048919
0.875989
1.15836
4.232811
1.65861
0.807837
1.148025
0.889734
1.071595
1.019013
1.128651
1.274016
1.088657
9.741942
4.713306
0.829583
1.006183
1.064201
1.122145
1.005127
0.871434
0.964323
0.916652
1.144574
1.196766
0.896008
1.104572
1.252281
0.851071
1.462362
1.073082
1.221582
1.189607
1.083601
1.130001
1.151371
1.067387
1.235239
1.149988
1.160677
0.940804
0.916226
1.144923
0.884083
1.232015
0.786241
1.157126
0.897814
1.304035
1.187912
1.219219
0.912276
1.14117
1.053066
1.154604
6.689415
0.870111
1.372864
0.778968
1.006131
0.845416
1.071527
1.082006
1.896402
0.885879
1.21797
1.077803
1.173431
1.597542
1.004341
1.040848
0.857117
1.18715
1.22983
0.976682
1.373287
1.103816
6.015966
1.05687
1.252754
1.01532
0.940776
1.239227
4.285631
0.883086
1.227449
1.141644
2.681583
1.19994
1.082842
1.118109
0.900609
0.858051
1.174174
0.966606
4.394906
1.271814
1.070748
1.467717
1.220325
1.175457
1.579401
1.173857
1.103871
8.090671
3.842837
1.057675
2.320842
1.139467
1.013863
0.796663
1.174668
1.172281
1.110015
0.948367
1.225299
1.269061
1.181981
0.921987
0.834836
0.994336
0.807917
0.962798
1.992765
0.971872
1.132686
1.227274
0.996778
0.88882
1.170426
0.873078
0.873677
1.340428
0.845647
0.926762
1.21994
1.042253
0.800437
1.334523
0.99821
1.086198
0.86621
1.289063
3.105427
1.083591
0.945008
1.085459
0.863572
1.029281
1.005106
1.122217
1.092545
1.264462
7.425333
1.003785
0.98957
0.825832
1.254099
0.952514
0.9987
1.006435
0.862451
1.368095
0.787059
3.13203
0.821421
1.259683
1.101224
0.962051
1.003189
1.191637
1.228248
1.153032
4.668721
1.13762
0.929503
1.193367
0.8307
1.142016
0.85565
1.142344
4.602616
1.075949
1.05714
0.924294
1.411644
1.099071
0.978548
0.887217
0.836954
3.05142
1.215578
1.109804
1.005647
1.223397
0.836522
0.919559
1.024553
1.064225
0.968221
6.119334
1.034466
1.02034
1.122789
2.375115
0.923316
0.824569
0.82681
1.136755
1.12851
0.982899
1.189349
1.064987
1.017309
1.07487
0.916145
1.13366
0.914904
1.116824
1.353457
4.99274
1.132771
1.191355
0.888424
1.098302
0.857144
0.931836
1.145661
1.103369
0.95366
4.076884
1.180413
1.211087
1.022414
0.903603
1.202996
1.061516
1.165896
8.563348
0.987198
1.223221
0.864137
0.833162
0.924717
1.008149
1.119998
8.894885
1.166808
0.831189
1.044844
0.942373
4.510337
0.896977
1.203478
1.12471
1.199991
1.071365
1.097496
0.972671
3.282546
1.206337
0.895884
0.930682
1.185245
1.056052
1.170871
1.109584
1.187015
0.913254
1.266015
1.017588
1.013993
1.265438
1.842393
2.118791
0.88376
0.925854
1.239829
1.171084
1.010161
1.007899
1.260092
1.053712
1.142641
1.244619
1.039306
0.927225
1.337814
1.26968
0.93601
1.11069
1.270347
0.901148
3.029541
3.374391
0.847202
0.954093
1.13463
0.922793
0.968922
1.099444
1.145259
1.186551
0.985584
1.058858
0.996266
3.622014
1.254741
1.134609
1.137773
1.233939
1.065262
1.176054
1.070196
1.014307
1.285958
1.281665
1.277716
1.016559
1.160794
1.214206
1.077197
0.822429
0.8431
0.977455
0.947938
1.028012
0.888172
0.916571
1.224203
0.869472
0.989332
1.016648
6.01051
0.925075
1.383571
1.329956
1.586159
1.101793
1.184115
0.951482
1.043883
1.234809
1.077446
1.287791
0.92608
10.007521
1.720852
4.16499
0.833766
0.825498
1.264309
1.131425
1.110608
1.044358
1.020647
1.154198
0.948838
1.000415
1.172095
1.056238
1.144105
1.224324
3.307594
3.206122
1.247239
1.164467
0.917563
1.078823
0.901771
1.059557
1.21271
0.853389
1.19706
1.192627
1.059741
8.947666
1.058951
0.8909
1.157071
1.153082
1.162701
8.839039
0.975787
0.924621
1.12296
1.13867
1.21058
1.270099
1.182178
1.333629
1.242765
1.154806
13.01309
4.38223
1.2486
0.930392
0.883793
1.448597
1.170539
1.142861
1.023774
0.965101
1.0119
1.320824
6.201331
0.963103
1.451226
0.861433
1.20358
0.847522
1.176289
1.204347
0.910796
1.21811
0.964759
1.120509
0.913935
1.100423
1.058673
1.158752
4.397311
1.092343
1.224926
1.247691
1.006346
0.876414
1.22437
1.028796
0.956282
1.549392
1.226709
1.04526
1.265485
1.068533
1.028588
1.401854
1.360362
0.99695
1.015265
8.272837
1.465848
0.938878
1.030652
1.154939
1.13178
0.96241
1.062986
1.190428
1.169583
1.169325
1.236549
1.286014
4.186047
1.000095
0.934958
1.086411
1.230699
1.181191
1.343934
0.875309
4.91451
1.136173
1.91083
0.932096
1.022412
1.288204
1.182142
2.183573
1.109149
1.279045
0.761304
1.028795
1.078852
0.935997
0.913572
0.896829
1.298768
3.169081
1.373312
1.218615
1.216685
0.977401
0.913237
1.039437
1.229424
0.953723
1.010233
4.345556
0.972615
0.892644
2.109073
1.564994
1.175647
1.264573
1.234785
2.040362
1.096727
1.303951
0.818546
3.122556
1.062776
1.08606
1.138931
1.265298
1.1875
1.018472
1.146213
1.295002
1.172102
1.341571
1.005507
1.083407
1.025243
0.982386
0.873707
0.844967
0.976014
0.953635
0.909352
1.264856
0.967789
0.963144
1.162038
4.44664
1.177917
1.205859
1.038109
1.26623
1.206339
1.262601
1.058422
1.17243
1.162454
1.195338
7.730682
0.945906
1.224182
1.192836
1.123218
0.933455
0.861064
1.064493
1.807166
0.901486
0.999276
1.050828
1.095575
1.373769
5.999394
1.154374
1.112619
1.428689
1.616992
0.992948
1.394183
1.178675
0.959068
5.038729
0.882675
1.28516
1.183939
0.968698
0.999184
0.976783
3.292018
1.591184
0.843111
1.227841
1.011576
1.173912
1.017507
1.141153
1.010825
0.83463
0.923386
0.894197
1.023044
1.048305
1.200027
0.933795
1.079487
3.18096
3.971557
1.081978
1.277494
1.295327
1.154771
1.236383
0.956361
1.199185
1.189068
1.012707
0.873101
1.352646
0.777775
1.058104
1.218129
1.171205
1.631792
1.242382
1.155639
1.093597
1.255115
1.012634
1.447923
1.123553
1.308314
1.125951
1.170616
1.025782
3.380246
1.123056
0.846898
0.919331
1.153904
0.881729
1.060924
1.141642
1.152196
1.299847
1.105954
2.08826
0.936233
0.877423
0.915845
1.159455
1.215717
1.2474
0.979729
5.485837
1.206451
0.937357
1.325614
1.195112
1.064126
0.848666
1.019576
1.169658
0.854991
1.142364
0.890339
1.132874
1.226679
1.062146
1.006466
1.164745
1.428867
1.082364
1.65917
1.145404
1.271749
3.838219
1.153538
1.094537
0.967852
1.064756
1.124652
1.212259
1.211432
0.941952
1.199649
4.871118
1.184812
1.168046
1.245772
0.995467
1.009696
0.912742
0.912532
0.967382
1.081952
1.204033
0.876648
1.139064
1.064844
0.973602
1.022075
6.703707
1.057476
0.933333
1.360285
1.156895
1.038538
3.171838
0.963441
1.208354
1.14382
0.857183
0.969542
1.044022
0.959292
0.965588
0.820904
1.051689
0.993935
0.949372
1.135629
0.999049
1.117892
1.028298
0.900831
0.89695
1.219957
1.124276
1.336904
0.902541
0.928781
1.005383
0.918382
5.104075
0.941417
0.997289
1.116594
1.473926
1.244961
1.440209
0.973979
0.988952
1.324973
0.95717
2.559255
1.222974
0.934917
0.907192
1.030641
6.266048
1.066229
1.150467
1.232304
0.91949
1.338944
1.288961
1.342244
1.180132
1.197367
1.167304
1.038987
0.889496
1.122872
3.493867
1.170241
1.065484
0.938788
1.130962
0.974529
1.167071
1.210413
0.95414
1.258338
1.171031
1.18183
1.350899
1.108698
1.271212
1.170439
1.223204
1.129747
0.88773
1.322725
1.246782
1.110951
1.103757
1.174629
1.153625
5.422782
0.940258
1.417441
1.292256
1.06636
1.125378
0.985835
1.087777
2.290168
0.966182
1.136186
1.109409
0.967327
2.085879
1.107168
4.15506
1.212591
1.113893
1.272199
0.917108
1.094027
0.90736
3.34247
1.275985
1.160047
0.876333
0.831044
0.879439
1.063378
1.318015
1.231599
0.995748
1.161119
1.141921
0.974801
1.145192
0.88074
0.983648
1.251336
1.284968
1.010925
1.148621
0.969078
1.072595
1.05824
1.353714
1.010163
7.091159
1.198192
1.167883
1.021759
0.93761
1.276322
1.491172
1.01193
1.218211
1.193062
9.695182
2.290221
1.387025
1.024356
1.160254
1.27677
1.0613
0.943615
1.077654
1.140434
1.104799
1.133596
1.194291
1.040898
1.026972
1.094494
0.925833
1.141152
3.670016
1.014661
0.979269
1.138798
1.013829
0.83862
5.289062
0.967962
1.689215
1.507686
1.187969
0.973735
1.274129
0.867389
0.899322
1.119834
1.117557
1.149395
1.253104
0.885472
1.319752
1.240631
1.018118
3.592842
0.918067
0.880682
1.178219
1.354819
1.335277
1.097565
0.863155
1.739721
1.162193
0.868354
1.144101
1.067984
1.103405
0.920165
1.228537
1.280152
1.16461
1.020399
0.901595
1.099685
1.232017
1.060216
4.84798
0.962863
2.093674
1.136711
1.118531
1.10436
0.86268
1.235421
0.895438
1.168382
1.223945
1.292554
0.920043
4.502853
0.937721
0.93726
1.121548
1.517223
1.122557
1.27971
1.137102
0.964484
1.007779
0.875911
1.325204
6.037687
1.117551
1.102473
0.835011
1.001394
1.022367
1.166753
1.163705
1.188687
1.12489
5.331369
1.086061
0.945382
1.228162
1.004829
1.164009
1.013177
1.048395
0.901793
1.138878
1.057171
1.011649
6.7146
1.102484
0.916911
0.946865
1.216602
0.866562
1.180274
1.245428
1.236222
1.103028
9.645943
0.991285
1.217888
1.142543
1.285777
1.204378
0.992929
1.262919
1.011388
1.081209
0.993047
1.086839
0.921743
1.232085
1.190791
0.883599
1.162719
1.292658
1.208418
0.854091
6.003781
1.197901
1.160639
0.883435
1.111924
4.187897
1.188121
0.921661
0.949054
1.351049
0.876069
1.228959
1.115553
1.213387
1.144074
1.138629
1.09727
0.918946
1.101182
1.213407
1.299405
1.07062
1.21872
1.113148
1.076776
1.102349
0.998362
1.147649
1.249691
1.271888
1.044065
1.094881
1.220774
1.234509
1.051366
1.15391
0.911208
1.148887
2.974139
1.208098
0.944988
1.19592
0.927244
0.972285
0.964434
1.234245
1.159135
5.355886
1.162222
1.140518
0.967021
1.055339
1.069179
1.177456
2.737008
2.200188
1.10225
1.242329
1.136645
1.237213
1.232993
2.110731
0.992506
1.267423
0.999351
1.162899
1.009656
1.227978
0.911812
1.33606
1.018826
1.100431
1.205438
1.2939
1.24641
3.800488
1.675676
1.120442
2.61262
1.256734
0.976751
1.130674
1.136729
1.124527
1.186762
0.964276
1.095102
1.21639
1.039527
1.165262
1.146899
1.210586
1.114641
1.233161
4.886248
1.21709
0.76576
1.262356
1.180667
1.1563
1.112535
1.397555
1.125185
5.199573
2.063893
1.120708
1.128189
1.048108
1.104017
1.134647
1.729538
1.012341
1.218732
1.106059
1.294102
1.080334
0.828507
1.001075
0.960481
1.076197
1.227507
1.132812
1.721556
1.325047
1.354539
0.967014
1.786151
1.134065
1.869401
1.173779
1.236632
1.300872
0.968289
1.072937
3.290094
1.191509
1.313248
1.128636
1.084296
1.177768
1.133579
0.958226
1.051573
1.017933
1.681961
1.116932
1.258118
1.074062
0.955181
1.050244
0.962878
1.123794
0.875335
1.049596
0.885298
0.88132
1.007442
1.379903
0.983403
1.140113
0.850619
1.075396
1.193136
0.953222
1.00241
1.076564
1.438727
1.060046
0.941053
1.17341
1.156762
1.191863
1.235283
1.08805
1.012334
2.08066
1.01558
1.115278
0.858812
1.099014
1.002007
0.876817
1.059673
1.313592
0.993174
4.17809
0.841559
1.090039
1.207357
1.144944
1.138445
0.942975
1.203153
1.049801
1.133151
4.347871
1.537317
6.176677
1.226642
1.082215
0.902574
1.327289
1.064994
1.15659
0.979466
1.005161
1.016659
1.151063
1.163325
1.193657
1.057588
1.414996
6.962394
1.198252
1.189819
1.273601
1.263514
1.217062
1.321426
0.945142
1.025812
1.247049
1.030496
0.977578
1.053599
1.459079
1.154199
3.32378
1.378244
1.189713
1.054239
1.180956
0.89373
0.925474
1.078211
1.315032
1.377776
1.635733
0.827533
1.100788
0.990796
1.020236
1.113257
0.926495
1.100767
9.81321
0.858911
1.183806
0.853972
1.26264
1.117829
1.149267
1.224925
0.8804
0.769445
4.126035
1.280092
1.160034
1.214031
1.208036
0.977391
0.909355
1.200211
1.345634
0.950556
1.124281
0.815415
4.223124
1.524467
1.031234
1.04445
1.105324
0.895962
1.14049
0.919275
3.196448
1.067027
1.249127
0.914089
0.946085
1.112427
1.336156
1.275981
0.99552
0.934038
1.190228
0.867082
1.182612
0.970445
1.182743
1.0325
0.995366
1.396006
1.240665
7.068018
1.233909
1.002734
1.122181
1.152522
0.948129
1.177519
1.114491
0.942277
1.31188
1.1418
1.448501
1.073293
1.263836
1.033714
4.374449
0.848574
1.101388
1.059149
1.251354
1.050981
4.421579
1.098104
0.849058
1.083992
4.079516
1.106223
1.390015
1.221528
1.062714
0.754976
1.168211
1.210481
3.419633
1.212404
1.220526
1.253773
1.057976
3.578879
1.120171
1.189614
1.576273
1.149573
1.314452
1.148102
0.944232
1.246586
1.332436
1.660782
0.757908
1.232517
0.888816
1.186207
1.303145
1.045239
1.114625
1.163677
1.149158
1.200015
1.097314
0.955192
1.28323
1.262836
0.866598
0.969471
0.908804
1.189253
1.362042
1.199188
1.213612
1.014897
0.995644
1.239683
0.952118
1.119873
1.20343
1.025456
1.177631
0.822407
0.764701
1.948798
0.997768
2.122155
1.11695
0.984406
0.910129
1.397133
0.977823
0.929635
4.594343
1.105931
1.163313
1.230646
1.340402
0.993116
1.047379
1.173132
1.16495
1.179257
3.068446
1.159879
0.92545
1.276341
1.277829
1.296174
1.172421
1.087444
1.224328
1.089323
1.27061
0.947774
1.064529
1.065652
1.135534
0.899511
1.009802
1.209709
1.056058
1.167543
1.773422
1.131914
0.898603
1.176255
0.93892
1.210826
1.194613
1.257913
0.820443
1.29141
1.045363
1.04688
1.068356
1.026053
1.159446
1.386933
1.224598
1.143279
0.913301
1.17798
0.94369
1.080582
0.982027
1.274033
1.218856
0.95059
1.140854
1.139019
0.90262
6.016826
1.43384
1.006438
1.083912
1.218671
1.248356
1.160577
10.010485
0.735037
0.850925
1.124584
0.84894
1.030696
2.052608
0.913118
5.057259
1.185323
1.095009
1.121847
1.049094
0.98231
1.135582
1.008147
3.604556
1.295505
1.20974
1.043523
1.19595
1.414489
1.126483
1.328227
2.844744
4.172509
1.116937
1.168745
1.136013
1.238463
3.324583
1.098924
0.83009
1.264033
0.94007
1.191028
1.22647
1.209705
1.303541
0.98157
2.048503
0.918016
1.351546
1.017567
1.171376
1.336899
1.112704
1.110446
1.191761
0.937386
0.919262
0.887826
1.316827
1.301165
1.094375
3.269347
1.104843
1.224592
1.299164
0.990336
0.802453
1.136645
1.211416
0.991046
0.844721
1.118744
1.120918
0.905713
1.148043
1.265613
1.288452
1.074153
0.928157
1.203071
1.070764
1.152024
1.327702
1.059782
0.882146
1.209915
0.961681
1.194567
1.168955
1.203096
0.852296
1.509193
2.400188
1.378562
0.826298
1.04094
1.151792
3.853363
1.083068
1.411682
1.034808
1.3715
3.713934
0.826058
1.315761
0.866394
0.914006
1.046763
1.204042
0.934844
5.133852
1.153579
1.267981
0.900848
1.325389
1.054499
1.213536
1.244021
0.9702
1.051725
1.213908
1.010878
1.10892
1.17735
1.22652
1.155047
1.121256
0.871219
0.853701
1.066559
4.417317
1.203195
1.153534
0.825865
1.224035
0.8305
5.826435
1.269955
0.983345
1.078269
1.310229
1.131465
1.168543
1.10612
1.068039
1.370256
8.390626
2.455348
0.8828
1.026712
3.316738
3.693647
1.061786
0.910725
1.303431
1.565311
1.532697
1.336014
1.175739
1.064027
3.505579
1.157229
0.962762
1.179443
0.991274
1.102552
0.882137
1.135501
1.192793
0.887818
1.221279
1.072546
0.705548
1.137171
1.142732
1.039383
1.088991
2.003644
1.11017
1.175518
1.165232
1.022073
1.222677
1.108554
4.003612
1.181735
1.130814
1.151282
1.112264
1.043059
1.043858
3.922992
0.951331
1.078048
1.341072
7.259023
1.214716
1.263106
0.786046
1.221619
1.139361
1.165443
0.899561
0.844794
1.13478
1.18273
1.081915
1.104773
1.574453
1.232836
1.329753
0.912284
1.140291
1.185541
1.212033
1.106145
1.35153
1.163025
1.15167
0.860402
1.195628
0.948707
1.325522
1.177744
0.910181
0.849507
4.122836
1.419922
1.289054
1.226638
0.992282
1.144882
1.181987
3.605796
1.170291
1.042491
1.264624
1.159989
1.244699
0.956067
1.101036
0.903923
0.968636
1.146296
1.328687
2.107573
1.229016
1.068771
1.105019
0.972739
1.342234
1.302622
1.261073
0.889771
1.147027
0.981451
1.108961
0.869508
0.999176
0.850165
1.177086
0.660264
1.043218
1.210614
1.028127
1.445705
6.119966
1.205419
1.147571
1.115944
1.21352
1.004493
1.209506
1.241492
1.124096
1.134303
0.968799
1.158514
1.262136
0.881718
1.233022
0.803683
0.866337
1.048583
1.134943
1.131499
1.43719
1.111044
0.985382
0.935985
1.106478
0.898705
0.82333
0.856195
4.192934
0.902619
1.220495
1.182936
1.048257
1.210273
1.271871
1.266346
1.165666
1.054455
1.124073
0.920171
1.045455
0.879714
1.181073
1.135214
0.996065
1.17245
1.160289
1.0634
0.92978
0.926087
0.889934
1.342055
1.130147
1.307857
1.086193
1.019683
0.875187
1.259315
0.872855
1.194251
1.32826
0.949696
0.910859
0.915911
1.185976
0.959891
4.257989
0.816724
1.200609
1.228716
1.275128
1.168241
1.184711
1.257034
1.07494
1.089057
1.251934
1.089206
1.334857
5.751894
3.938288
1.133775
1.002185
1.258962
1.023932
0.928392
1.915432
0.988557
1.132287
4.395354
1.057913
1.040716
1.111935
1.031581
1.171942
5.103728
1.054076
0.846982
1.049538
0.999995
1.093663
1.25734
2.352594
1.197834
1.236216
1.043382
4.057694
1.208995
0.902258
1.170122
3.206819
0.896303
1.240483
0.991707
1.246554
1.036228
1.324204
1.546416
1.181342
1.162641
1.083722
1.111695
1.118216
1.235822
1.179082
1.186484
1.152398
3.536772
0.861674
1.14898
1.201619
1.04291
1.125452
1.127895
1.149572
1.066402
3.110153
1.114883
1.145799
1.108906
1.164381
1.078593
1.250895
1.331931
1.102233
3.124354
1.139239
1.190631
1.05545
1.148067
1.035382
0.92563
1.332708
1.14604
6.789445
1.253706
1.07094
1.276063
1.357217
0.943814
3.927407
1.697448
1.23619
0.899194
0.985056
1.16209
2.968004
0.988487
0.754051
1.162177
4.293152
0.928753
1.099295
1.211901
1.18549
1.052243
1.178844
0.862438
5.056958
1.38045
1.367437
1.25376
1.128882
1.045297
1.172905
0.958412
0.882196
0.993298
1.134486
0.899889
1.044689
1.158948
1.261252
1.141779
1.113803
3.88852
2.390059
1.118052
1.087469
1.202882
0.992061
1.263164
0.865535
0.909388
1.10131
1.300747
1.126926
0.896732
0.760839
1.177688
1.305722
2.406744
1.852914
1.365166
1.048922
1.366237
0.960936
1.149049
1.261266
1.221359
1.175512
0.879723
3.308555
0.836661
0.868962
0.949935
3.690505
1.030368
1.115543
3.265259
1.039623
1.23702
1.035961
1.233763
3.301208
1.16916
1.339527
1.264199
1.225362
1.07725
0.932865
1.210381
1.171531
2.519859
1.239873
1.536255
1.148965
0.926804
0.98791
0.872543
1.183992
0.998335
0.835093
0.900202
1.136979
0.907654
1.527011
1.156711
1.122533
1.365922
4.574611
1.142355
1.133051
1.410908
0.844499
1.434274
1.059665
1.375935
1.047172
0.984662
1.203359
1.20676
4.328928
1.026456
1.543088
1.290925
1.132009
1.250154
3.069902
1.110002
1.246302
1.242842
1.187278
1.700763
0.862336
1.259049
0.87759
1.307974
0.977894
1.198126
1.288215
1.224177
1.29384
1.144622
1.238195
8.008552
1.793946
1.06975
1.08156
1.327269
1.02389
1.205105
3.573806
1.112372
1.180596
1.337023
2.996614
1.315803
1.04785
1.272906
1.192197
1.011822
1.19684
1.189714
1.054229
0.991873
1.261733
1.2227
1.030271
3.024703
1.296344
1.167791
1.104731
1.02403
1.177552
1.053426
1.194061
1.214957
1.029083
0.868708
0.940155
1.217773
0.921939
2.27947
1.169825
0.825118
1.290691
1.242823
1.228319
1.173025
1.303057
2.631086
1.159375
1.203777
1.240794
1.26148
1.053591
1.424082
1.192124
1.022121
1.568207
0.860882
1.220635
1.006019
1.406243
1.234646
1.080435
0.809437
0.971392
1.310034
0.942225
1.156543
1.12512
1.586101
0.889398
0.909144
1.631693
1.503389
0.924755
0.770305
1.074068
1.232307
1.113922
1.163875
1.245441
1.194606
1.197302
1.017941
1.379809
1.199093
1.158023
1.178017
3.079059
1.229642
1.038716
1.089098
1.218624
1.501461
1.10296
4.175685
1.262367
1.001549
1.307743
1.181487
1.197636
1.17103
1.078375
1.195836
1.200835
1.183986
4.823585
1.19607
1.171391
1.240989
1.209178
1.046549
1.156363
1.087234
1.218204
1.138317
1.109877
1.123843
1.14905
1.085271
1.15073
1.193415
9.617607
1.427208
1.374885
1.113945
1.918825
1.194106
1.240114
1.194252
0.847197
1.252242
1.265573
0.903061
1.030759
0.96241
1.179731
1.019299
1.181345
1.016746
1.182479
1.057829
1.105542
1.026447
1.007158
1.05051
0.969905
1.260793
1.188709
2.897267
1.097508
1.295876
1.587963
1.069034
1.191
1.166486
1.420981
1.180965
1.668967
2.274894
1.238628
1.17926
1.133418
1.423491
1.065406
1.044568
0.995903
1.403525
1.14966
1.026482
9.186322
1.418124
1.046787
4.602983
1.009405
0.871534
0.977068
1.27459
1.048114
1.240689
1.182045
1.097056
1.333415
4.664135
1.105773
1.254385
1.010257
1.501831
1.019691
1.196553
1.313334
1.12758
1.1822
0.951005
1.009047
1.099763
1.063302
1.001373
1.003511
1.230047
0.925832
1.44182
0.957113
0.998163
1.153298
0.995388
4.551444
1.119046
1.367058
1.225451
1.035433
1.162769
1.083358
1.247271
1.060226
1.098061
1.137015
7.08713
1.129653
1.184974
1.164019
1.120608
2.986179
1.128741
1.17094
1.134426
1.042212
1.197173
1.132751
1.258178
1.155826
1.624777
1.093846
1.484474
4.295109
0.939031
1.056369
1.23231
1.198786
0.982259
1.172584
1.238437
1.124645
1.134611
1.152771
6.109479
1.006941
1.036325
1.212687
1.106246
3.827828
1.252084
1.190798
1.018062
1.132618
1.113567
0.908896
1.098082
1.172667
5.17451
1.249831
1.175908
0.947188
0.847374
1.126029
1.871517
1.0168
1.282111
1.122596
1.218953
1.150312
1.060267
1.282434
1.190451
1.007188
1.187629
8.172229
3.675579
1.114347
1.12276
1.276981
0.95021
1.163381
1.139346
0.947808
2.793602
1.138575
1.394588
1.112152
1.198023
7.757738
0.853949
1.174506
1.013929
1.271551
2.153037
0.954201
1.133779
0.9771
1.105826
0.919664
1.213146
1.359155
1.027411
7.029451
1.056632
1.078019
1.16627
4.442898
0.938096
1.277065
1.090118
1.254255
6.424017
1.189802
0.909919
1.115324
1.43343
1.226551
1.142149
0.940128
1.199491
1.21929
0.983246
1.376483
1.415663
1.001238
1.228731
1.096767
1.028135
1.235386
1.205194
1.303777
1.181168
1.060525
6.076809
0.954886
1.361509
0.988055
1.246468
1.131259
1.064931
0.917149
1.154512
4.360538
3.824617
0.935861
0.911172
1.163664
0.988813
1.268618
1.005612
1.417031
1.245624
1.169981
1.296689
1.147693
1.286105
1.123511
1.175254
0.922583
4.586097
0.968696
1.066546
1.411757
1.202425
1.270624
1.212454
1.19893
2.235488
1.100884
1.129348
1.480676
0.979672
1.235881
1.053164
5.354778
1.216422
1.250208
1.041599
0.966159
1.11347
1.320452
1.246383
1.159867
2.63061
1.217723
1.107925
4.204904
0.970879
1.289749
1.136426
1.110614
1.056239
1.199823
1.14778
1.187722
1.143016
1.133533
1.157067
1.166774
6.523747
1.596726
1.789467
0.914273
1.3062
1.258728
1.182737
1.159791
1.129086
0.927103
1.302383
1.085808
6.764264
1.080896
1.02407
0.892035
2.644595
1.026878
1.233038
1.260961
1.081612
1.118148
0.991128
1.259056
1.049145
1.123194
1.209505
1.10446
1.134804
0.905913
1.236945
0.956233
1.186966
3.014786
1.154579
1.255809
1.09689
1.245811
1.1425
1.12269
1.23644
1.183589
1.152919
1.299928
1.129918
1.228242
1.47254
3.53298
1.845497
1.11923
1.162892
1.024151
1.420405
1.103448
1.142264
1.047221
0.98706
0.87757
1.387335
1.266785
5.392498
1.156268
0.870434
1.028494
1.1235
1.22749
5.726469
1.096744
1.198899
0.963844
0.933881
1.172329
1.221348
1.159454
1.071549
6.939295
1.876372
1.034902
0.855389
1.117818
0.930879
1.245665
1.095677
1.265754
0.8431
1.192789
1.149091
1.433384
1.47912
1.216466
0.909486
1.154942
1.135418
1.137533
1.184229
1.204874
1.054042
1.202545
4.697266
1.069479
1.026004
1.141235
1.071439
1.265404
1.147148
1.005237
6.314306
2.95543
1.174889
1.000158
1.11638
0.941247
1.663217
1.175635
1.13909
1.384185
1.188763
1.051734
1.166859
1.186127
0.974365
1.145582
1.176144
1.272814
0.866246
0.941316
1.178114
1.090907
1.114794
1.232279
5.167088
1.286189
1.130259
1.324892
0.927671
1.035835
1.340139
1.152927
1.081734
6.055167
1.207716
0.929018
0.921727
1.350281
0.824888
1.373315
1.182713
1.004773
1.212904
1.048914
1.330716
1.028296
1.149464
0.936573
0.955746
1.013851
1.023814
7.625482
1.197857
0.946471
1.056189
1.020044
1.189546
1.090383
1.394212
1.149443
1.118682
1.07448
1.241652
1.108132
4.050036
1.087681
1.1709
0.991665
0.870242
1.153153
0.986215
1.159184
0.924015
6.494958
1.2716
1.212975
1.237945
0.858507
1.231865
1.254748
1.120752
1.328171
1.32053
0.872277
9.386166
1.245624
3.329864
0.918467
1.057004
1.179624
1.030817
10.007621
0.896733
2.023303
1.171028
0.997329
1.153164
1.107566
1.201569
1.015279
2.091992
1.169522
1.128891
1.165715
1.273937
1.227977
1.202308
1.127329
1.327123
1.279252
1.14553
1.174407
0.95985
3.529044
1.02196
1.054402
1.273242
1.043053
1.273657
1.135265
1.060973
1.18682
0.943676
0.872469
0.836247
1.67104
1.178709
1.146837
0.834071
1.349554
1.23704
1.132813
1.054462
3.171558
0.921299
1.089751
0.955638
0.980952
1.025457
0.997033
1.224095
5.304552
1.117792
1.166681
1.113287
1.199034
1.246786
1.029385
1.265232
3.81984
1.246969
1.157056
1.243463
0.892831
1.095278
2.43022
1.11344
1.138253
1.211366
