0.781401
14.424674
4.623538
1.340744
1.091866
1.268944
1.199902
1.068335
1.19174
29.999515
27.984851
18.141681
8.395187
12.525241
2.552363
1.239558
0.933691
1.250365
1.009564
1.91366
1.271635
0.910847
1.05952
1.042124
0.913512
44.744975
34.703399
24.915131
25.179206
15.254433
5.526997
1.334279
1.443995
0.992377
1.263571
1.345549
0.965106
14.861227
4.8882
1.549911
1.201563
1.066849
0.975982
0.985407
0.970116
56.637829
50.794811
50.649444
40.714009
31.090975
21.189998
11.776691
1.808157
25.244686
15.266094
5.52153
1.096672
1.410849
1.218011
16.283493
6.439626
10.568784
0.569844
3.842443
1.271846
1.466501
1.069478
1.668794
0.922359
1.294821
0.977802
1.34285
1.202023
7.498572
0.949532
22.559011
12.539927
11.91505
2.010868
1.231131
1.329757
0.937099
1.071521
0.979314
1.020868
11.960253
1.873142
1.122831
1.029621
23.481916
13.542939
12.61819
2.602741
1.022935
1.458785
1.040998
1.056499
9.905844
0.464597
1.182052
0.966706
1.029104
1.111646
34.319793
24.370793
22.416586
12.57653
2.610883
0.997342
7.766023
1.074455
0.954982
1.128842
1.185283
0.985997
1.268655
38.109689
28.053845
27.090995
17.106679
7.212647
1.016486
6.905086
1.07437
0.984367
1.130475
1.020066
1.437589
0.938617
1.187189
1.066893
1.194423
0.914921
56.42153
46.516042
43.540277
33.648846
23.626795
13.864026
4.48511
0.972301
11.551805
1.609479
1.219956
0.918616
6.503061
8.902558
1.440108
1.060698
0.889243
0.878291
0.984176
0.986367
1.3656
1.287548
1.165559
0.994019
0.871726
6.481207
1.071267
0.911361
1.335147
1.446923
1.265772
40.710704
30.960817
21.006266
11.456997
1.624668
34.142303
24.201774
14.270576
12.369086
2.408777
1.224717
1.282157
0.917586
1.361786
0.994932
1.190937
1.209566
10.086198
0.593418
1.282576
1.145869
1.001643
1.261021
32.407686
22.538581
28.628182
18.682352
8.896284
1.222067
1.029346
9.924869
3.997719
0.908221
1.066634
1.186344
1.124352
0.964426
1.332123
1.283605
1.447137
52.545596
42.661369
39.40495
35.960123
26.075871
16.34915
6.566022
1.15615
0.927024
1.094206
1.09972
1.195602
43.716504
43.923282
33.966431
24.052535
14.230896
4.504145
1.01896
1.000238
1.38259
1.269329
23.515759
13.524523
14.072816
10.078044
0.76129
1.015339
0.96785
1.097104
1.162932
0.884927
1.011444
0.938373
1.197466
1.01656
17.839886
8.39685
1.413
7.176688
0.863978
1.205508
1.246756
0.89486
1.029748
0.964205
1.149057
1.237436
1.265675
1.071837
7.167354
0.892571
27.569313
17.643356
17.269839
7.379879
1.263587
1.139664
1.358848
0.975284
1.078142
10.582149
22.061305
12.07396
2.124515
0.935801
1.060888
1.308627
0.98417
0.998938
0.962227
0.948762
10.696304
12.854877
3.015557
1.020144
1.030313
1.293185
1.13569
1.327784
1.138337
1.010047
0.987786
1.223458
0.987926
10.35542
0.538659
1.101453
1.220389
1.518036
1.167386
1.308746
1.05819
1.008246
1.083391
10.569106
46.360766
36.551461
29.388142
19.46989
15.804574
6.217581
0.833953
1.108354
24.38465
14.475693
13.898309
4.127368
1.34285
0.82313
3.595352
1.174195
1.111478
1.040049
1.028995
1.034826
24.717743
14.71244
12.878391
2.863448
1.235737
11.813093
1.873976
1.313551
0.901594
1.051892
1.001462
1.233141
27.376356
17.430075
7.737111
4.834096
0.953905
9.187928
0.53678
1.164373
1.202593
1.309958
1.053459
1.192341
0.992815
1.417935
0.96027
1.017052
0.997909
26.255569
16.294038
6.318052
1.366967
1.057721
0.874317
1.050608
0.946298
0.980953
1.02813
15.027824
5.228484
12.944102
3.027932
1.030626
1.102794
1.105421
1.205608
1.089289
1.142791
1.015774
1.162867
19.518563
9.544902
9.852088
0.558577
1.159153
0.9765
1.305149
1.513169
1.190802
0.841397
1.062586
1.264015
1.107796
0.972983
7.07177
1.190254
1.291126
1.166469
0.974299
1.490088
1.228267
1.142957
1.404839
1.279349
16.415865
53.506709
46.893268
36.871745
27.263471
17.46085
7.577633
16.315212
18.687985
15.228891
5.183733
0.971872
1.123209
1.054456
13.543082
3.606739
1.098896
1.038783
1.048846
1.03477
0.940966
1.145535
1.43824
0.950853
1.032231
1.258924
41.070753
31.067746
21.235189
11.630081
29.46653
24.434837
14.54794
4.935427
1.462802
1.268114
1.356662
1.213863
5.939568
1.138653
1.098165
1.054979
1.304848
0.996751
0.930102
14.629131
26.195358
21.52403
11.594839
1.857387
1.323816
5.651215
1.011664
0.990103
0.990167
1.168558
1.253238
1.194195
0.95694
1.282989
0.94573
1.085856
46.138527
36.343899
26.46872
16.888492
7.027417
1.070711
0.97099
1.348473
1.323214
1.1016
0.961197
1.009446
53.011673
43.242201
33.178828
23.498278
13.779238
4.119822
1.267319
1.284742
0.817752
1.280656
0.969936
0.924117
1.35034
8.491393
0.954593
0.968136
1.010687
0.95626
1.327493
1.243508
1.157113
37.392712
51.399649
46.142598
36.834697
26.735541
16.823941
30.764687
25.27057
15.384638
5.4684
1.372843
1.135747
1.3595
1.000555
1.047204
24.261216
14.345576
9.433723
1.102038
1.244075
0.946461
0.960703
1.480052
1.191836
1.313201
0.954527
0.9495
1.284693
4.826399
1.097422
0.93199
30.994682
21.256706
11.423029
1.834083
1.278527
1.125537
1.333425
1.232775
9.84255
0.47369
1.11779
1.274602
1.116917
1.178273
1.126467
25.960477
32.989519
27.511533
17.515403
7.710673
1.061546
7.8249
1.315044
1.06846
1.33462
1.090641
0.996264
0.922265
0.87789
1.264878
7.56002
45.832856
35.844063
25.974219
16.164805
6.471534
1.133598
1.254892
1.03101
23.508604
18.301776
8.421481
1.265526
1.119396
11.835261
1.92125
1.075035
0.887198
0.894331
0.972769
2.273001
1.324779
1.066954
0.963839
0.989536
0.904495
1.229039
6.87995
0.918308
1.127157
0.896161
1.172317
0.946624
36.099492
61.014972
51.049601
41.88972
50.172849
43.561527
33.639757
23.623335
13.778898
3.898543
1.341226
1.103378
1.241319
1.266215
0.854231
1.116549
24.572976
19.12371
9.113385
1.249095
1.160228
1.288186
1.250948
3.645081
1.232471
1.192662
1.260544
0.991277
1.07005
15.88167
5.885338
1.173698
28.823175
24.646411
14.790679
4.847561
1.121226
1.196405
1.24542
1.001424
1.315255
1.029626
11.786257
3.456899
1.109265
0.946513
1.028937
2.178918
1.127467
5.963455
47.518381
37.518405
27.557333
17.560169
25.073396
15.424339
5.282418
1.137157
1.30959
1.625294
1.265695
1.011266
0.98426
0.882987
0.952865
15.355245
5.51815
1.162205
16.020952
6.02471
1.055554
1.173319
0.982694
1.097649
1.081434
1.137471
1.19496
1.410303
9.247673
0.683211
1.22577
1.023794
1.288499
1.227164
1.142811
1.256367
1.319984
1.129531
1.096693
0.975419
6.090225
1.211613
1.200331
1.265561
0.983101
0.94914
1.177643
1.303897
10.95881
54.055044
53.378615
43.405712
54.633293
44.544239
34.735326
24.815411
15.020824
5.209566
1.206781
0.841289
0.997823
1.182354
1.303229
1.082396
22.156542
12.224272
2.183876
1.437873
0.999296
1.076204
1.253918
1.056458
0.84433
0.988339
1.449663
9.006225
1.046736
21.26585
33.046593
23.167034
13.122124
3.188726
1.01524
1.031592
1.265105
1.205146
1.27365
1.31915
10.107871
2.502055
1.493692
1.431877
37.16074
31.516648
21.568728
11.626503
1.549652
1.079821
1.278701
1.069761
4.578328
1.426308
1.203526
1.006711
1.018523
1.188638
1.197786
1.000186
53.362844
43.519528
33.580989
40.934471
30.959171
21.224911
11.355267
3.170441
1.210169
1.344156
1.288121
1.122576
1.114746
1.030973
1.049581
0.880109
2.9591
1.151359
1.105343
1.027415
1.218034
1.174595
1.172152
1.294826
1.208273
1.014686
1.327657
1.18828
14.065548
4.04428
1.301951
1.154611
1.078035
1.803611
58.673075
60.471082
58.663859
48.710949
44.644214
46.504831
37.674848
27.853976
17.940022
21.696126
11.785672
1.985428
1.137737
1.094714
1.042151
0.970853
1.076687
1.592194
15.710309
5.860967
0.884862
1.025929
1.104236
1.221204
0.974558
1.135668
1.057742
22.550021
12.619449
2.701311
10.856187
0.813767
1.194165
1.141807
1.303001
0.994224
1.07154
1.260917
1.100333
1.183125
0.901204
0.992954
31.570088
25.220341
15.275636
5.326042
1.289177
1.032679
1.130786
0.948447
1.245433
1.060947
0.939918
1.002144
8.555322
1.253435
1.319832
1.083461
1.270276
48.788558
38.889577
28.921341
18.875874
9.073678
0.859578
1.326571
10.054406
0.512835
1.078668
0.993427
15.986892
34.435841
24.626745
14.604672
4.819226
0.948471
1.074929
1.102218
6.165466
1.409219
0.984521
0.962595
1.179934
0.993961
1.082789
1.418601
1.391071
0.881866
1.017952
0.91513
6.403133
1.089205
1.436436
1.207755
0.926836
1.024887
0.952798
1.003684
57.506813
58.559349
56.331874
55.906905
57.041331
47.14903
40.005648
30.13071
38.507673
36.177886
33.540411
34.876673
24.94883
18.148843
8.302254
17.616156
14.087072
4.33649
1.258277
0.91442
15.139739
5.203398
1.176832
0.934379
1.014376
1.112111
1.087168
0.937946
8.017186
1.218447
0.910561
1.043752
0.975747
1.081017
0.888106
1.248371
1.289217
1.188692
0.837708
0.967017
0.951179
47.649068
37.65541
27.852462
18.029639
8.405369
1.030091
1.148741
1.356598
1.052977
1.010952
1.270185
12.908442
2.999538
35.779617
33.541593
23.627
13.685466
3.823124
1.23793
1.056136
1.068627
0.940286
0.844592
6.203677
0.952174
34.215357
24.284052
18.561079
8.641429
0.995023
0.946237
1.3065
1.092683
1.055526
1.211541
14.589454
4.813045
1.138573
1.186584
1.233135
31.57659
37.559594
27.50239
17.661453
7.869064
1.115543
1.261786
0.958856
20.543162
10.54832
5.192105
0.997278
1.190347
0.994935
1.008928
0.946757
0.916399
1.344566
1.071301
1.056906
3.008184
0.96565
1.051445
0.911822
12.269482
20.247026
10.230642
0.872036
1.18102
0.972586
0.960269
14.036119
4.094936
0.967173
1.250225
1.220877
1.291006
1.113292
30.543384
20.450043
10.529793
0.796087
1.110917
0.844219
6.49922
1.06087
1.126782
1.503907
1.347311
1.019353
1.335771
1.24318
1.326182
40.632317
30.767425
20.861724
10.90477
1.172598
1.27701
0.922111
1.040141
0.91062
1.00839
1.246752
0.985121
1.23734
1.068927
1.108657
55.678017
45.740778
35.689562
25.926225
16.075949
6.231639
1.053291
0.964107
1.214427
0.971609
1.350746
1.320923
2.370476
1.211078
1.009114
55.021253
45.045261
35.149117
25.306633
15.42661
5.653805
1.103658
1.03964
12.164534
2.267668
0.984588
1.118196
1.119588
1.093739
2.342308
1.06316
1.132542
57.121417
52.973973
43.191731
33.272578
23.404422
13.679976
3.702262
0.93072
29.48761
19.532016
18.369984
8.48131
1.360989
1.234515
1.195857
15.954668
6.135643
1.236491
1.07162
18.912784
11.338001
4.559985
1.14975
0.912161
0.978343
1.12387
0.955424
10.814713
0.871717
1.348039
11.388293
19.532313
14.697203
4.986655
1.200886
0.901606
0.991932
1.282046
0.981863
0.88687
7.802924
1.150752
1.003428
0.804087
0.991822
22.427634
17.282648
7.363492
1.142566
0.939557
1.071314
14.900526
5.036965
1.019828
1.184791
1.134627
1.494213
1.044343
1.255027
1.142481
31.581865
26.6328
16.676467
6.959192
11.413384
1.55643
1.116309
1.13701
1.235471
1.028694
1.41285
1.219606
1.259874
1.7593
1.082617
0.983002
36.547832
26.501018
16.551998
7.000581
1.351655
1.378725
1.359179
0.946897
1.025727
1.007795
1.276665
1.056229
12.40114
2.457827
0.998408
1.351165
1.077224
1.670561
0.959833
1.054016
26.030223
53.840141
55.633798
53.213384
43.509444
33.562098
23.662374
14.21845
36.781518
26.767743
16.888453
7.395885
1.055348
1.132808
1.013276
1.055222
19.457524
14.44295
4.523085
1.114931
1.082598
1.13598
1.099441
0.864241
1.344034
1.078813
1.298865
12.71587
2.759002
1.026961
26.293246
33.432928
23.507333
13.710026
3.994649
0.868593
1.027958
1.11559
1.411635
6.850478
0.997577
1.437299
0.988555
1.182085
1.119386
1.013245
1.1883
34.110889
24.097233
23.517114
13.56879
14.084433
4.21108
1.012648
1.361626
1.124415
1.273532
1.044746
1.42568
0.931256
1.036284
1.305899
14.597852
59.7828
49.926617
39.951346
30.22982
20.460632
10.848573
1.860929
0.972784
25.997459
22.73162
12.773125
3.117893
11.066431
1.123906
1.04254
1.202327
1.130743
1.015518
1.10899
1.305046
1.279636
1.295983
0.974261
1.092305
6.446097
1.067019
1.097177
1.191153
1.09788
51.962283
47.886529
37.951755
27.938139
17.870464
8.188424
1.047763
19.296784
9.389728
0.871297
1.115812
0.96728
1.485569
1.403139
1.123384
1.127217
0.977196
0.917956
1.087901
10.386063
0.499258
1.237705
1.073448
18.137852
28.357727
18.297054
8.428259
1.098428
1.254772
0.914427
1.276569
36.421786
28.513218
18.587302
15.957866
5.989543
1.079654
0.990205
0.994016
1.265459
0.960256
1.073768
0.957782
15.2025
5.209455
1.241832
26.382251
16.333182
15.68869
5.749202
1.344164
1.043712
0.943375
1.190387
1.12665
11.768328
1.826323
0.972394
1.034987
1.19777
1.100086
1.496219
1.167124
1.058077
0.997772
1.122261
1.094743
1.191321
7.447663
1.381967
0.986135
1.183905
0.914816
30.193381
22.202663
20.205779
10.217068
1.113847
1.219141
0.947959
5.42131
0.859162
1.077693
0.996533
0.858557
1.129643
1.12268
1.217224
1.07251
1.003327
1.104251
11.971519
2.024911
1.005334
61.265631
56.218057
46.285767
36.471933
26.833534
16.996612
7.405934
29.946548
19.869389
17.300527
9.939288
0.43415
1.240066
0.989801
1.388168
1.486379
1.380861
1.212012
1.212757
25.556352
21.713664
13.812768
3.853511
1.207942
1.089298
1.077211
1.04477
1.178173
1.005142
1.136229
1.301705
0.957857
28.162904
25.712924
15.893978
5.864564
1.181262
0.997915
1.274727
1.835598
1.179194
0.891735
0.964528
1.391862
1.017649
25.097267
23.160462
13.236987
3.306797
1.244786
0.969466
1.009255
1.177357
1.060066
1.319079
1.19701
0.892126
15.11755
5.216904
0.982075
34.58622
24.628287
22.489908
12.767154
2.868247
0.986693
0.932555
0.964095
0.91359
7.63321
1.056248
0.93923
1.141358
1.0191
1.247204
1.141791
0.949026
0.889982
1.067082
1.060298
1.245995
55.819045
52.463437
42.65041
32.883919
23.036589
13.500676
3.717843
27.530128
24.255452
14.559856
4.936085
1.06291
0.938705
2.416092
1.036442
1.118046
1.29026
3.745251
27.579123
17.690958
8.08197
1.226704
0.979947
1.189718
12.788035
2.804257
1.160835
1.086589
1.054497
1.033486
21.397729
11.400651
6.287343
1.136627
1.070743
1.186923
1.287042
9.901076
0.772607
0.869076
0.982101
1.241384
1.00358
0.889654
1.344848
0.960076
1.160753
0.97886
37.535137
34.630086
24.58079
14.963705
5.12298
0.97917
1.046956
0.91506
1.010251
0.957995
4.273211
24.388516
21.845032
12.096741
2.353494
1.280957
1.147228
1.027863
1.30161
1.1947
1.12722
1.113377
0.945635
0.837914
1.302161
8.444508
1.0613
1.225758
1.084038
0.94078
0.98451
1.065268
1.049063
1.235677
1.055922
54.329515
56.302735
50.22145
40.480499
30.574814
21.035023
11.213909
20.724506
28.915364
18.873325
9.288465
0.751326
0.897765
13.771987
3.853845
1.167088
25.362633
18.137072
11.12235
1.169773
1.277939
1.177771
1.191277
1.103795
1.053021
1.035752
8.521244
1.012015
0.928681
1.129536
1.083846
2.533968
35.531195
25.561912
15.732585
5.818195
1.136118
1.252165
5.721387
1.085002
0.96099
1.383243
1.115066
1.009648
16.78297
27.806312
22.950338
12.992796
3.191747
1.265818
13.442249
3.380996
0.956821
1.023469
1.062983
1.188496
1.072315
30.203884
26.939799
16.903837
7.093103
1.080595
10.00134
0.530257
1.047658
1.07135
1.02601
1.138068
1.616405
1.174869
1.223084
1.088812
1.083359
0.944356
8.024793
1.106414
0.969708
1.222147
1.167108
57.090245
59.214447
49.186889
39.415201
29.616199
20.074343
10.183076
34.653912
24.649941
14.625472
4.753678
1.266546
1.278721
1.295535
1.316212
0.948316
0.984295
25.310112
16.747633
12.759815
2.9608
1.091113
0.998522
1.018326
0.873868
1.174572
1.107596
0.939158
1.093702
1.109953
1.303288
0.924837
26.142166
22.649437
12.580224
3.253018
1.04724
1.077044
0.987971
1.204353
1.005129
1.245087
1.06797
15.571418
5.690221
1.082289
1.015447
7.198589
29.197718
26.380775
16.426909
6.724172
1.057254
1.26301
0.882486
11.609455
1.658367
1.155264
1.075487
0.991834
1.140164
14.760655
39.309798
38.650587
28.771747
19.030899
9.359337
7.571528
1.100418
0.993464
0.976608
0.944592
28.527121
24.176336
14.280932
4.623386
0.941936
1.138144
0.970022
15.812082
5.827991
1.209456
1.136441
0.981356
1.123082
0.920716
1.184501
1.215778
1.012985
1.164219
0.975769
9.990873
0.482116
1.28647
9.375335
54.686575
41.249516
30.961107
21.313754
26.549727
24.360885
22.982129
13.213515
6.730272
1.0775
0.978779
1.220222
1.192286
1.217719
1.078391
1.183895
5.186195
22.724673
21.556049
15.947691
5.955505
0.91741
1.318974
1.203995
1.306008
1.142599
1.036215
0.91614
0.882976
1.071076
26.009073
32.584552
22.761499
12.952114
3.095212
1.1905
1.52231
3.496908
1.080217
1.234746
1.065377
1.160153
14.728105
28.227964
18.365584
8.257635
0.974087
1.13444
1.129642
1.114044
1.245739
1.209763
1.234496
1.026171
1.029948
1.318266
33.535127
23.583088
19.12009
9.535575
1.37931
0.905636
0.982891
0.950644
0.913601
1.046655
1.013193
7.405526
1.069155
0.960703
1.227367
1.127618
1.166401
0.94906
1.013046
1.126918
1.001719
1.026626
1.411499
65.732935
55.899935
55.511263
45.592988
35.863031
26.066557
16.47963
35.615815
25.534521
15.649868
6.182601
1.186412
10.867099
0.889266
1.035094
1.086325
1.006272
29.965671
26.527479
16.613887
6.9718
1.10581
1.24606
1.107788
1.094994
10.781535
0.842025
1.131446
1.12151
1.302018
0.913132
1.012595
1.232221
0.91886
35.452021
25.544621
15.593068
6.114558
1.193643
0.984257
1.274729
0.942015
0.963445
1.457629
0.960567
1.333379
0.958352
1.038212
43.740008
33.82308
23.83356
14.082429
4.472433
1.20495
1.098133
1.233453
0.91147
1.424589
1.243407
1.051846
0.962316
12.000355
48.493399
38.501819
28.565435
18.834076
9.449493
1.437641
1.302852
1.298918
1.353788
1.22338
1.164047
4.518716
0.934715
0.949115
1.231391
1.274616
1.036634
0.942418
1.029358
1.182773
59.331065
49.381603
53.100467
43.187673
50.043349
40.827896
31.122523
21.169454
11.534438
1.728439
1.168485
1.28305
2.899411
6.456978
1.08413
11.963171
2.000928
1.093279
0.975269
1.08505
1.206605
1.369039
0.913215
0.859315
0.894668
1.218223
19.386309
9.404074
3.053257
0.909327
1.217899
1.176794
1.091325
0.949141
1.06058
1.268929
0.96822
1.252476
12.059869
2.229934
0.939835
0.925075
25.271218
18.594911
8.550138
1.244886
0.9287
0.960416
1.219166
1.07827
1.496635
8.704702
1.373007
1.236713
1.292968
1.263741
0.869384
0.892168
4.336338
0.991701
1.287726
0.948601
3.34059
7.030371
1.041129
0.95918
1.248885
1.1679
1.172314
0.935434
0.996204
0.916492
1.078007
0.883948
1.285019
10.397482
0.508388
0.933895
1.356868
1.003751
1.483381
54.838286
56.496543
50.322428
40.544623
30.771973
21.18747
11.632874
1.68539
0.961404
10.840845
0.867923
1.319236
1.316555
1.322898
1.16028
1.166711
23.304145
13.242343
6.086482
1.263904
1.393527
1.287346
0.994436
1.093502
1.140769
1.037953
1.291866
0.954079
1.395453
0.953938
40.605544
30.797315
21.039659
11.161624
1.484968
1.274526
1.228065
1.138632
0.936332
1.110744
0.925299
1.111869
8.029426
1.005973
1.186446
1.083338
0.934478
1.163887
55.438894
45.596392
35.941258
26.32959
16.616577
6.864925
25.002895
17.114384
7.20155
1.293626
1.172976
1.169371
0.956688
1.039901
0.939185
1.40346
1.251562
0.925896
13.021015
2.912673
1.195117
0.955253
1.324086
0.876902
1.189367
41.573178
31.717151
22.258919
12.509038
2.707358
10.514733
0.684249
0.974845
1.013701
1.282304
1.347407
1.952566
1.042562
1.256601
1.052682
0.921727
1.043117
7.940179
1.245164
1.052086
1.220435
1.218287
1.13756
1.191466
1.323071
1.428347
0.968866
1.225735
0.981573
58.40273
58.15129
54.613641
53.056512
43.071854
43.457223
41.686235
37.419054
34.251721
29.094485
27.804824
24.322767
24.524497
14.480224
4.867233
0.951467
1.172287
1.1676
1.188759
1.073953
0.999573
14.190304
8.400891
1.322485
10.518333
0.598575
1.326039
1.36298
0.872351
1.039828
1.019096
1.221676
1.373093
1.187409
1.065306
1.100941
6.897518
1.213775
33.573983
27.540546
17.752663
7.906499
1.360149
1.149043
0.973244
0.999197
0.958643
14.701864
4.789084
32.086249
22.155929
15.519473
5.557742
1.078952
1.079407
1.086078
1.150542
1.450487
1.320233
1.224496
10.732887
0.722953
0.980116
1.223757
1.217389
1.413187
0.989812
48.192956
38.220211
28.488933
18.763724
8.988377
9.416986
0.788999
1.046492
1.180501
1.357563
1.118566
1.313918
1.231933
1.065921
0.880513
1.104215
1.348081
1.123474
6.140556
1.574926
1.392019
57.598402
55.81009
55.666533
51.872303
44.098276
34.115838
42.441222
32.487252
29.56832
19.6556
9.827599
1.023068
1.04743
1.179606
1.228298
26.188964
16.281589
6.424272
1.18135
1.060877
13.453355
3.490993
1.081237
1.275591
1.395676
1.00952
0.970509
25.265742
15.257413
5.377515
1.513735
0.92998
14.054255
4.132191
0.917587
1.15223
1.082535
0.915658
0.986866
0.974788
0.807243
32.220214
26.485018
16.446979
11.640559
1.771178
0.899718
1.274367
0.914947
1.251179
2.733899
1.03637
1.058408
0.991337
0.910618
1.194116
40.610226
34.344404
24.404693
14.589184
4.670852
1.26808
1.104284
1.273392
0.98694
0.886153
1.337825
1.330169
15.050356
10.365851
0.555901
1.380652
45.622074
41.222037
31.414606
21.754767
12.003944
2.393498
0.974414
0.995063
10.141875
0.977021
0.927851
1.22195
1.282013
1.104554
1.192278
1.128171
1.03164
1.177841
1.534752
1.319422
0.891514
7.089493
1.186139
0.946921
43.354748
52.57259
54.878012
53.24253
47.472071
37.540499
47.800755
39.440783
38.534124
28.764447
19.109834
9.44225
0.920361
24.275715
14.464015
4.508204
1.306502
0.999696
1.059181
1.232307
1.098172
6.983559
1.323208
1.178948
1.123002
26.739033
16.766933
12.446119
2.604513
1.179341
0.952477
0.939225
12.245478
2.318188
0.898215
1.21439
1.045571
1.043686
1.031852
1.231837
0.933006
37.516189
27.61744
17.869148
8.188239
1.136885
0.961199
1.242539
0.942895
1.14901
1.246166
1.095015
1.1051
1.195483
29.885492
20.169623
15.273261
6.070182
1.04912
1.014011
1.413846
1.03167
1.269626
1.190783
1.181093
0.79882
1.228284
1.04768
13.104751
3.237924
29.200602
44.74142
34.797033
24.995004
15.00272
5.481268
1.384748
0.986559
0.918442
1.025268
12.228994
2.219307
1.124803
1.315798
1.389008
1.133158
1.083673
1.062039
1.130893
1.366522
1.420075
19.951215
54.413088
58.542596
48.611584
38.787779
28.836284
45.281296
35.345105
25.609409
15.69922
6.026437
1.403107
0.927776
1.288517
29.337212
19.454579
14.829826
4.915364
1.003622
1.21207
0.903531
1.100534
1.184508
1.040436
1.224529
0.951575
8.951186
1.04532
1.170267
20.075105
15.185444
5.187966
1.092632
0.919897
1.385357
1.240717
0.951646
14.653272
4.903555
0.925489
1.134505
0.971336
1.015246
1.300519
26.80849
19.658055
12.872184
3.081654
1.359348
0.934483
12.748384
5.157519
1.091782
0.887036
1.291583
1.019974
0.983582
1.10771
1.086187
1.281911
33.584947
29.230678
19.305827
9.511454
1.057745
1.077438
0.89869
0.955003
1.350451
1.077846
1.362925
1.208196
0.940154
1.213886
43.645264
33.662062
23.991336
14.475909
4.860091
1.145013
1.287593
1.279008
0.939553
1.036931
1.055048
11.716936
1.750276
1.336034
1.014995
1.004972
1.37158
1.202262
0.991724
0.89445
1.072266
0.851473
0.967366
1.109923
9.24765
1.085168
1.042448
57.537057
55.733223
54.269247
56.322626
46.417156
36.531478
44.33209
38.248151
28.241008
40.748422
34.765412
28.688518
18.792372
9.185371
1.370685
1.529808
1.063483
1.115229
0.970469
0.883279
0.979851
29.06197
18.98949
11.894546
2.243912
0.923187
1.335158
1.458775
0.961681
1.111801
1.020907
1.192668
10.957253
0.925762
0.998519
1.013221
30.719623
25.269816
15.373782
5.519448
0.945999
1.386615
0.977312
0.966397
0.963679
9.795453
1.106051
1.043549
1.089274
1.073325
0.838587
0.844044
39.506785
35.899334
25.889594
16.288597
6.775257
7.310928
0.949138
1.007744
1.006408
1.047012
1.313362
0.93676
1.401019
1.124028
0.986011
1.077774
0.880479
52.688355
42.723117
33.036591
23.29551
13.569229
7.742487
0.986932
1.095819
1.284935
0.997605
1.423112
0.893178
10.540647
0.629728
1.184236
1.307527
1.072857
0.953356
54.336377
52.387089
48.749144
38.777275
29.232939
19.421905
34.914816
25.148692
15.219189
5.400198
1.029741
1.327462
10.20463
0.948891
1.248156
1.036689
1.072572
0.935691
1.117809
7.091913
1.133424
0.931941
1.064427
0.875979
1.366945
1.066277
1.29258
1.138413
1.268046
1.291612
22.835637
12.938915
2.860513
1.235944
1.057465
1.286728
0.923243
1.132178
1.061738
0.904699
1.18132
17.194799
11.023508
1.062254
1.034336
1.369407
0.941231
1.421757
1.328888
0.992598
1.254085
1.188282
0.977158
1.283562
16.253358
6.486312
1.136465
1.010596
1.2501
1.331227
40.230238
34.431112
24.749784
15.168842
5.318796
1.193944
12.882262
2.948474
0.911378
0.970303
1.11389
0.819712
40.16388
35.237496
25.300585
15.441214
5.803635
1.099979
8.615281
0.839626
1.126549
1.130895
1.126981
0.940366
1.188655
1.085616
1.016149
1.318294
0.927259
0.964087
12.036362
1.968865
1.165721
1.10534
0.97314
1.39206
1.21137
0.943656
0.972405
34.408725
54.620023
56.162257
54.375058
52.444927
44.780143
47.99885
49.25437
47.280956
40.153916
30.304778
36.718074
33.727348
23.697481
13.81451
4.232681
6.623292
0.966727
0.996291
1.382418
1.326417
1.408944
0.888226
1.313959
7.620294
19.611797
9.762839
0.852016
3.954532
1.044757
1.130299
0.838856
1.128552
1.37782
1.307921
1.241496
1.355869
1.137799
35.537517
25.613575
15.704666
6.212082
0.829075
1.060314
1.014648
0.932266
1.221901
1.358834
0.823661
1.402293
1.02038
1.320759
4.81052
1.237691
1.118186
43.70284
40.271914
30.31374
20.38813
10.837563
1.035475
1.184412
1.195743
10.554143
0.738516
1.311287
0.973568
0.876949
1.155315
0.902927
1.035332
1.076313
0.922783
1.374539
1.045989
1.16234
62.699086
55.292305
45.310279
35.597804
25.642116
16.231309
6.383949
1.206394
0.977543
1.257367
1.220878
0.950288
4.516928
35.736745
52.056855
52.677329
42.735779
33.199459
46.583117
40.62257
30.777816
21.120677
11.33262
10.911759
0.954255
1.169288
1.091075
1.017539
1.095433
25.468733
15.668684
5.808433
1.140778
0.89063
0.944486
1.005595
10.447184
0.593138
1.022642
1.396992
1.029977
1.135273
26.07023
24.412655
14.329856
4.464545
1.133396
1.272345
8.131222
1.12136
1.045293
1.417905
1.01672
0.914485
0.907494
1.182016
0.977753
28.018746
18.137833
14.168304
4.167632
1.202448
1.067244
1.101873
0.91299
1.246775
0.944889
1.15128
1.06078
1.386415
1.333958
0.962569
9.791751
5.000858
39.401945
29.654226
20.092666
10.295274
0.814619
1.321662
1.255759
1.214937
1.160247
0.932006
6.658586
1.279265
1.113574
1.166495
41.565099
34.136833
24.267146
14.533951
4.821168
1.061084
1.224341
12.324777
2.366397
1.178001
1.19709
1.224326
1.174318
2.027228
1.066501
0.965328
0.908342
1.202095
0.943769
1.544096
6.858699
1.161976
0.979514
58.707271
62.352602
52.598725
53.433325
47.76409
37.952641
28.225589
18.398162
37.881745
33.644963
23.579938
13.599737
4.098923
0.921087
1.541468
1.027366
26.398652
16.364753
6.737135
0.922388
1.093126
9.048728
0.879756
1.106653
1.058201
0.994269
1.346355
26.254118
19.587482
9.767598
1.385728
0.92937
1.276523
3.042606
0.946012
1.29447
0.926368
1.194609
1.211336
1.118849
21.177734
13.999423
4.184618
0.993754
1.184949
13.009787
3.207108
1.167989
1.313684
1.278846
0.95193
1.19613
1.023255
1.012802
1.014937
0.957191
36.525429
32.189805
22.319109
12.34445
2.498208
1.124024
1.018123
1.144658
1.05298
1.306547
1.12314
1.114129
0.995412
5.265869
0.864973
0.942275
40.354538
30.332
20.758307
11.042593
1.155579
1.279004
1.030984
0.980058
1.060578
10.508243
0.533522
0.963105
1.149561
1.005234
1.491808
1.126859
1.265576
1.059894
1.312159
1.044981
1.057521
7.714233
1.425805
33.921018
53.034687
55.387076
57.461141
54.697017
44.902312
36.807839
45.736286
45.110853
35.360624
25.629041
15.670999
6.276669
1.459685
24.318946
18.596924
8.774635
1.088519
1.397516
0.939774
1.325853
1.46636
11.731011
1.781904
25.753167
22.526308
12.541276
2.707591
1.208349
0.959261
1.090908
1.229432
0.923733
0.940453
8.348303
1.156714
1.108778
1.2478
1.106219
22.999227
18.489374
8.490207
0.928238
1.305735
1.081066
1.210633
2.849772
1.143329
0.926316
1.211293
0.924376
0.919514
0.987795
0.933713
38.994256
33.10324
30.369118
20.545935
13.402074
3.38542
1.21418
0.938453
1.039047
0.892783
1.256335
1.078677
0.872851
1.20185
1.341946
44.314921
39.40474
29.454612
19.551735
9.912726
0.933954
0.912295
1.173618
0.922476
1.37112
1.567106
1.091678
1.466625
7.500916
5.247909
1.174156
1.12244
1.260682
0.966
59.662718
54.990751
45.008935
35.253515
25.418368
15.878273
34.484473
24.416279
19.505759
9.633866
1.118242
1.072788
1.807037
1.221626
0.960085
1.114988
0.941738
1.076272
1.151515
8.496113
1.055736
1.014083
6.544044
21.196696
15.104149
5.094139
1.133702
1.162732
0.958668
0.979495
15.201244
5.256255
1.145222
23.170931
27.115405
17.228891
7.140865
1.312737
1.005374
0.878361
1.18385
1.338286
11.173644
1.299278
1.151353
1.018837
0.990201
0.92074
1.325343
0.972324
0.89176
1.246001
0.833791
44.255936
34.37527
24.329555
14.49762
4.96509
1.184445
0.980584
1.031446
1.219004
1.221276
32.486016
22.596197
12.770569
9.151425
0.501714
1.113472
1.011214
1.309595
0.989809
1.589709
1.247542
1.238157
1.133849
1.377893
0.930954
48.526296
38.571679
28.630573
19.11796
9.229375
1.160595
1.078059
1.029074
1.286848
0.890102
1.122247
0.871911
12.440567
2.438145
0.994297
0.873716
0.994047
1.202194
0.919892
1.347292
1.132793
56.581046
56.479683
56.174337
46.146557
36.40351
26.544802
17.178756
32.814438
23.045089
13.213864
3.61165
1.10418
1.280195
1.155552
16.691222
12.047814
5.49807
0.907497
1.180653
0.956668
1.107073
1.143547
1.241296
0.973755
1.158794
0.962392
1.339396
33.440228
23.529533
17.690855
7.892234
1.341715
1.124298
0.918466
0.88739
0.996473
1.015904
1.013299
0.964417
0.905326
9.101229
0.592238
1.128539
20.355258
32.487514
22.488815
12.865524
3.126931
1.115722
1.186447
1.103032
1.307337
4.784549
0.98397
1.245006
1.056232
1.220461
1.063622
29.990786
40.244621
30.613378
20.83973
11.152292
12.009659
2.076585
1.097341
1.113287
1.244675
1.077652
24.814734
20.113316
10.161078
0.834301
1.166087
0.978447
1.080308
8.134767
1.063937
1.121052
0.933413
1.187254
1.36384
0.97066
0.956101
1.17788
1.140249
0.875722
1.001741
7.917676
1.260417
0.927235
0.958294
1.167653
1.286808
60.510504
59.037658
57.487395
47.574838
37.761708
50.483769
49.526679
39.520063
29.586721
19.726288
10.113349
2.618289
16.721025
12.823929
2.895159
1.588944
0.993653
1.361971
11.686114
4.329803
1.24646
1.088152
1.445003
2.457661
0.961323
1.028529
1.374844
1.247595
1.38127
0.983726
8.414532
4.20484
31.53697
24.429544
14.684729
4.886396
1.307194
0.956903
0.975889
1.252259
0.900957
12.029633
2.211439
1.266883
30.407278
25.379333
15.380365
5.536259
1.416977
1.22775
1.248015
1.074766
1.34071
1.00034
10.893926
1.086526
1.187885
1.064329
0.922567
1.434733
1.154215
35.333114
32.308326
22.427884
12.422601
2.480983
6.375938
1.320886
1.266731
1.37872
1.197878
1.015905
1.147679
35.571522
38.761008
28.940004
19.329928
12.992896
3.233878
1.197243
1.025548
0.964831
1.347967
0.991842
1.147726
0.948076
1.140914
0.926596
0.935944
0.980282
10.046618
0.480033
0.917551
1.078574
1.501028
0.819379
18.550543
52.582899
54.677521
49.765871
39.952771
30.226492
40.816216
36.497021
26.66573
16.723329
7.079995
1.186964
1.147716
1.079489
1.352501
30.725818
25.41365
15.636862
7.966265
3.035238
1.156714
1.078932
1.145395
1.304204
1.247798
1.417551
17.748314
13.477282
3.719635
1.241818
10.924716
1.017188
0.952239
0.958678
1.309671
1.151125
1.905032
1.104551
0.975022
1.238733
1.041107
26.441692
24.363851
14.324288
4.559989
1.175726
1.0832
1.456896
1.202582
1.290735
1.146826
0.979703
1.163894
1.044773
25.47283
20.805243
11.085564
1.270654
1.224996
0.944125
0.904863
1.00718
0.959741
0.976058
1.236978
0.883239
11.433337
1.558958
33.928582
24.012632
18.788028
8.813449
1.41833
1.234285
1.096645
1.103151
1.158698
1.188287
8.248594
1.254891
1.116159
1.363899
0.960505
1.226444
1.081071
1.020921
1.192472
1.371768
1.211497
0.965807
14.071384
4.108448
0.902285
1.411953
31.842635
33.883258
31.54427
25.309655
15.39852
5.426085
12.490006
6.580546
8.536972
0.998023
5.253108
8.975369
1.19304
0.932452
0.992521
0.929329
0.964949
1.132222
1.194475
0.890197
1.305902
7.800907
1.006666
1.40889
1.231925
1.24215
22.090092
23.51556
13.533179
3.645673
1.197579
0.97574
14.713603
4.742251
1.144901
0.943766
1.16446
0.962236
0.965712
0.893117
0.872532
1.236665
41.055915
35.527909
25.614582
15.76226
6.104966
1.347886
1.146601
1.434996
1.330571
1.270702
1.069538
1.322725
1.02693
1.201248
0.895973
8.848714
1.245263
0.994078
1.021479
1.024561
0.983903
1.124164
1.114667
1.226274
1.048071
1.14422
15.313967
5.410121
1.086896
1.149283
1.007939
1.280651
0.920373
0.883692
1.069225
1.20829
1.476143
0.989217
11.373077
1.513451
1.240721
1.164148
1.073231
1.303213
1.12357
1.376318
1.129656
1.0049
1.10704
1.221961
0.930349
7.944232
0.944372
1.148178
1.200929
0.920318
26.555468
51.288225
53.313895
52.641871
50.950318
40.973981
50.934933
40.928447
39.358531
29.420858
30.636481
28.477744
28.937954
18.897162
19.378867
19.392262
17.839219
16.384904
6.198164
5.851597
1.412836
3.248133
7.331954
4.101997
1.190187
0.939241
0.932985
1.124877
1.346114
1.018889
17.269368
7.318459
1.375031
1.686319
0.983374
0.931069
0.845052
1.078789
1.187368
1.179377
1.118915
38.580591
30.86771
20.861277
11.052252
1.514835
1.239469
1.203144
16.543718
6.634331
0.959068
1.250118
1.03782
1.194922
5.666016
1.326928
1.334412
0.855142
1.151831
0.903326
1.002847
1.310004
1.204938
1.042375
21.507346
11.593699
1.777361
0.913166
1.3599
1.102022
1.124305
0.957215
1.323953
0.948601
1.073909
1.057939
0.945454
1.374673
8.719846
37.514688
37.067522
33.299591
23.39312
13.498754
3.757084
1.284037
0.90515
1.175828
0.889567
0.943749
5.895156
0.971087
1.104783
0.938502
1.168431
0.903825
0.91656
1.02958
18.208403
51.591691
47.205576
40.665042
30.814377
21.310991
11.481387
1.901804
1.284142
1.375489
0.943216
1.22221
1.270429
1.363432
1.25109
55.914402
45.9248
36.092889
26.193491
33.614732
23.512217
13.822765
4.250044
0.954094
1.097067
1.501281
1.189691
0.944473
11.56961
1.765101
1.11857
1.401154
50.058733
40.413471
39.814412
30.078161
20.463004
10.865385
1.093104
1.246963
8.826744
1.032366
1.453086
1.086852
0.960203
1.100478
1.138495
1.147848
0.935968
1.301308
1.153788
58.389385
57.731697
47.70777
37.755996
28.249464
18.399727
8.74289
22.648242
19.199888
9.313391
1.871795
1.281227
1.23326
4.983776
13.299657
15.539991
5.851718
0.928851
1.250094
1.118815
1.230848
1.279139
1.132893
27.531688
23.73509
14.015689
7.384702
1.386017
1.081271
1.230084
1.017984
0.857913
1.016367
0.959406
23.517624
19.530305
9.672493
13.223909
3.306559
1.076711
1.251407
1.217196
1.438608
1.156732
1.241971
1.088998
1.171435
1.327507
0.953039
47.324876
37.360099
33.589943
23.606303
13.530399
4.410128
1.158422
0.957736
1.133763
1.312253
0.950559
1.283526
8.677455
1.380089
1.100245
0.893033
31.887692
22.131017
21.210906
11.417756
1.607382
1.02658
1.284867
1.198863
6.844777
0.957495
1.386544
1.04724
1.158756
0.969005
1.009675
1.157969
0.917717
0.950821
1.369164
1.355326
0.94327
58.738015
57.157747
56.29931
46.411687
36.517698
26.703803
17.259172
33.480902
23.701558
23.217819
13.245281
7.714333
3.887562
1.250947
0.969919
1.165517
1.153578
1.165461
1.090281
36.007704
26.19888
16.295451
6.760512
14.663294
4.649765
5.008638
0.961902
1.161931
1.147316
1.237464
10.476859
28.230163
28.416604
18.615156
8.668303
14.677809
4.542028
1.231432
0.902474
1.329371
1.00492
1.329365
1.307403
0.883168
1.006073
1.407171
0.927548
46.057763
36.026434
26.198314
16.7142
6.822127
1.136948
2.138816
1.279435
1.214914
0.919584
0.954488
0.98415
8.114262
2.607803
0.867175
0.925305
24.2282
32.379305
22.460322
12.687469
2.987622
1.364411
1.203358
0.914385
36.805532
26.868759
17.003525
15.534219
5.566706
1.224211
1.204914
0.948465
1.309052
1.4356
1.306978
1.131734
14.092369
4.167362
1.032203
1.451973
1.124005
0.98558
1.206151
1.16849
27.821365
50.032986
40.127468
30.490274
20.708626
18.557258
8.576086
0.996868
1.426678
25.627085
15.649365
6.014305
1.409231
1.313364
0.958843
1.139557
5.228844
1.24255
29.217266
19.366722
17.519407
8.073222
0.88692
1.001175
0.906272
0.99544
0.968238
1.310721
1.360992
5.989874
18.430569
8.582838
0.970926
1.205885
1.698642
0.915177
1.189685
1.051104
0.962738
1.091251
10.42114
0.55986
1.258601
1.283126
0.894807
0.928018
1.388349
26.099232
24.719391
14.734064
4.941363
0.968914
7.426188
1.111633
1.195842
1.149467
1.222262
1.125787
1.325973
1.069487
1.175634
1.038573
0.99124
7.342362
1.079296
4.349515
1.03178
1.10454
1.215636
1.207477
0.887176
1.055547
1.463319
0.94456
0.956028
1.02787
52.235521
42.318843
41.028198
31.471694
21.58823
11.974204
2.182118
1.208652
1.235244
1.245813
0.94001
0.981529
0.908286
7.109219
1.334702
1.362298
24.363566
43.689155
33.790683
23.952032
13.970014
4.519499
1.345378
0.972842
1.182479
3.780485
23.212675
28.755221
19.056028
9.434946
1.220056
1.036436
6.079034
1.372235
1.033955
1.37255
10.591104
0.641968
0.950739
1.010154
8.577437
24.474699
14.487813
14.957058
5.054251
0.934515
1.039001
1.021864
9.323911
0.628532
26.263973
16.498426
6.657495
4.324293
1.435216
1.044929
1.059683
1.459044
1.19736
1.062565
1.19096
3.52893
1.109164
1.272275
23.594816
13.922609
12.75954
2.928508
1.07086
1.154155
0.88315
0.949935
14.027062
4.016938
1.258854
1.083407
1.25491
1.039865
34.698771
24.964209
22.404521
12.621804
2.793931
0.907916
1.395299
11.273864
1.341761
1.38373
1.138034
1.376491
0.791564
1.097249
1.371378
37.512036
29.080306
26.186926
16.249071
6.779973
0.960506
1.15572
0.950999
1.217986
1.221082
1.300972
1.032808
1.177992
1.425896
1.032609
1.117372
55.535724
55.53841
45.545883
35.604288
25.76528
15.870174
6.376748
4.237944
23.846441
13.914145
4.201678
0.944437
10.644277
0.793022
1.408969
1.008303
1.234504
1.048459
0.968345
1.127976
1.254759
1.004624
1.133756
25.569331
21.743182
11.836462
2.343758
1.119717
1.264169
1.11772
1.16444
1.247663
1.192248
1.140174
1.09749
1.380682
36.337821
26.499609
16.667005
15.375418
5.581547
1.19484
1.182668
1.143077
1.066384
1.244963
1.017946
1.255898
8.971226
0.765568
1.188926
30.322182
35.618529
25.59904
15.973962
6.099565
1.063553
0.964876
1.072577
1.116416
2.179556
1.184723
1.272517
1.292864
33.480132
23.515929
23.800818
13.91916
4.273137
1.191595
1.071282
11.215337
1.284662
1.232147
1.46504
1.068675
1.237049
1.011242
1.386517
1.073081
1.141784
1.298313
1.149164
0.853742
7.77927
0.930922
1.138609
1.342874
17.574064
53.211687
55.292015
54.243445
44.361168
43.534531
45.016844
36.679891
26.843954
17.071651
7.450152
1.200553
1.422459
1.394353
0.876158
26.405943
16.515592
15.732759
5.972937
0.928476
4.422156
1.512839
1.080659
1.026912
0.942807
0.939832
1.026942
1.221575
1.031398
1.137994
1.056424
1.383311
37.859289
27.905668
17.939406
18.043514
8.259875
1.042851
1.293222
0.909806
1.075374
1.159597
1.239053
35.437975
25.523104
15.602651
14.597094
4.574595
1.140654
1.002476
1.385021
1.214744
1.077778
1.456995
1.231586
1.090801
1.263933
6.587759
1.120406
1.238319
35.511566
25.549913
22.940315
13.001058
3.242347
0.97619
0.960107
1.482765
14.401331
4.56162
1.092131
1.107393
1.173868
1.031267
1.05609
0.917646
1.124633
53.520885
43.474916
33.504068
23.804557
14.291913
4.364617
3.027512
20.66614
10.795101
1.170885
1.11051
0.995202
1.252556
0.874107
0.941757
0.967706
22.782217
12.780119
2.842049
0.95194
2.221708
1.260216
0.887303
1.361773
1.249007
0.920239
1.05941
13.278093
3.389814
1.260065
1.036363
1.217708
0.95341
1.113313
30.1428
27.830243
18.064441
8.255016
0.977857
8.617544
1.260069
0.993954
0.874675
1.003158
1.058115
1.563893
1.258751
0.957738
1.182848
36.621229
34.278098
24.329776
14.786197
4.911305
0.963102
0.98272
1.136546
1.149171
1.008131
1.100999
1.425894
9.833724
26.888487
23.436372
13.491283
3.798826
1.048581
1.073815
1.222777
1.18318
0.941705
0.972922
1.231434
1.00586
1.259285
40.049432
30.080128
20.07796
10.364391
0.825334
1.544008
1.088841
1.200436
1.011127
1.271232
1.362807
1.199703
8.571478
0.621512
1.216381
1.216707
0.984182
1.147924
1.186821
28.876327
50.147431
45.618241
35.677155
25.869738
16.34102
6.467757
1.306901
19.94975
10.228003
0.717926
1.269046
1.065046
1.046254
1.345683
1.120162
0.953537
3.058737
4.739007
0.916781
1.018133
2.37166
29.042216
18.964129
9.116611
1.088535
1.319192
0.954249
9.96295
0.670776
1.101565
1.348943
0.917426
1.376191
8.844475
32.43267
22.594566
12.868506
3.242656
1.415033
1.178325
6.325635
1.17382
0.973054
0.974503
0.945042
1.304329
7.796837
29.46428
19.478068
9.83073
1.475556
1.120511
3.744056
0.923763
1.247758
1.127915
0.949824
1.174971
1.014838
1.126923
25.958574
22.101891
12.203767
10.727776
0.907516
1.29371
1.110386
0.96747
0.999619
1.385313
1.353317
1.187739
26.346582
21.615751
11.589762
2.023039
9.688487
0.494162
0.965173
1.164567
0.958
0.973134
1.403466
0.867648
0.980201
1.184403
1.160531
1.239569
5.189091
1.184819
1.009396
1.068704
1.07219
0.977612
1.186964
1.187091
0.977065
1.406739
58.342528
66.498444
56.480696
46.496468
36.664873
27.081288
17.177023
7.710158
1.042258
35.396773
25.462987
15.492011
16.510295
12.449553
2.651498
1.443492
0.971274
1.165319
1.022838
1.245761
1.322853
16.444956
33.43579
23.733468
24.227732
14.291082
8.416629
0.956431
0.958353
1.23517
0.976658
0.968648
1.478063
1.169211
34.091752
24.112844
24.309927
16.19826
6.40437
1.030031
1.207751
1.002104
0.970304
0.952496
0.887052
1.202597
25.345648
15.315704
13.688717
3.861762
13.010776
3.26364
0.910999
0.854561
1.193493
1.311545
0.967079
0.948113
35.081221
25.2626
25.588375
15.880735
6.373931
1.23283
0.906877
0.953592
1.175875
0.958391
1.176622
1.18549
0.943238
1.093757
28.338921
34.130921
24.291978
21.566892
15.493976
5.574107
0.91587
1.301574
1.322481
1.090148
1.209071
1.212506
1.132475
11.044864
1.134198
1.079233
1.198441
0.92291
0.975013
57.581094
49.881858
45.691713
35.758895
26.04753
16.241488
6.743877
20.546136
16.549208
6.627741
1.259197
0.994078
0.994763
1.007137
1.032168
1.416588
1.246854
1.295189
1.20485
2.805506
1.227521
29.0856
19.436389
9.747614
0.809923
1.123239
1.5008
1.202371
1.06547
1.371523
0.970764
9.986033
0.532801
0.91856
1.360198
29.246893
25.309492
15.44953
5.583725
1.115672
1.30346
1.233586
1.329983
6.935575
0.966179
0.961036
15.814465
11.371216
1.619454
1.044964
0.94881
1.000152
1.132754
1.050421
1.301092
3.059403
1.172813
1.282591
1.199349
1.005529
1.252552
29.40977
25.550212
15.748214
6.094069
1.036799
1.036658
13.99396
4.09838
1.181795
1.399835
1.129254
1.180296
0.999569
1.207486
1.243057
0.998349
1.440854
36.684072
35.314214
25.361899
15.35387
5.758598
1.114038
0.959115
1.570059
1.186355
1.233382
1.016371
1.013187
1.023168
8.234175
0.978247
0.986062
1.382159
1.238701
1.235196
1.073459
59.416336
57.50536
59.608781
55.943374
47.955655
40.982899
31.073699
21.163892
24.513118
34.031364
24.145898
14.419289
4.900987
1.087396
1.021636
1.089419
7.16464
26.877875
16.958908
6.978131
1.375807
1.142735
0.9809
1.224183
1.410115
1.11506
1.213612
1.195723
29.508252
19.423059
9.860063
0.995072
1.244236
1.077564
1.226495
0.995642
1.30619
1.020502
1.035969
1.221314
4.227519
30.75161
20.899205
10.932873
1.332479
1.012189
1.197613
1.016008
1.104979
1.275775
1.240976
1.11248
1.118513
10.161438
0.6399
0.992957
1.025786
34.976969
25.070374
23.442647
13.466877
3.407108
1.067152
1.194019
1.202392
1.023096
1.630407
1.007417
1.244911
1.228028
6.483195
29.839848
29.339141
19.469834
9.836538
1.014643
1.073745
10.037663
0.469112
1.030241
1.306611
0.976366
1.027049
1.172534
1.068973
1.137458
1.209475
1.138881
1.252025
0.978627
7.434086
1.13719
1.047435
1.200721
61.09445
62.517549
52.784388
49.828856
39.911104
30.104118
42.472695
39.626076
29.898749
19.969684
10.36571
0.910164
1.412467
1.066553
1.122709
0.999095
21.24599
11.499313
9.311653
1.597275
4.409293
1.383474
1.463506
1.384319
1.093047
1.069662
1.204694
1.459433
1.205335
32.40727
22.661819
13.144488
3.244291
1.062071
0.948702
4.584438
1.345918
1.351883
1.455189
1.256393
1.331702
1.20662
1.043166
35.561857
27.951155
25.427311
15.394104
5.530899
0.995225
1.098004
1.185019
0.991399
1.062369
14.524503
4.519027
1.252959
4.251056
1.011262
1.060471
1.106274
1.017758
1.212557
1.054497
1.49891
1.318319
1.298927
1.024899
15.195976
5.385095
2.521791
29.575167
26.493848
16.611621
6.749804
1.185671
0.96112
1.031096
0.993227
1.062588
10.393151
2.97868
1.031754
0.958916
1.044214
1.196596
1.673989
1.171739
0.995393
0.931436
1.24767
1.238222
59.270379
49.43817
48.218495
38.346095
28.299023
18.761636
8.989516
1.332441
23.978291
14.068678
4.153912
1.240048
16.054436
6.02238
1.15181
1.203601
1.188801
1.244717
1.139758
34.469906
30.119316
20.293114
10.665196
0.956906
11.82064
1.894907
1.257716
1.254375
1.155849
1.069698
2.220861
1.021719
27.477949
21.81807
11.810721
2.223108
1.039845
9.275878
4.328917
1.265833
1.024905
1.029354
1.135771
1.18502
1.41762
19.59796
17.541665
7.839496
12.082344
2.079569
1.006284
1.227478
1.220901
1.189861
1.366763
1.208149
1.231576
1.005624
1.037135
1.453465
9.265503
37.286592
27.252883
17.346156
7.636903
1.222133
1.019641
1.263188
1.23166
0.977819
1.024402
1.119316
1.23349
23.531377
33.147516
23.324303
22.716548
13.003191
3.223364
1.09294
0.990486
1.109826
1.212856
1.05345
1.166676
3.326987
1.236283
1.179206
0.984066
1.084568
1.270114
1.007398
1.04975
1.05854
1.222639
1.096392
22.986609
60.627615
50.652273
41.062557
31.220336
21.766534
11.849198
2.224469
26.407695
22.160003
12.263239
2.365854
1.097699
5.940271
1.133914
1.132656
1.214863
1.134949
1.258149
1.174517
1.335549
45.863672
35.938003
26.292853
16.415911
6.603313
1.281069
1.294869
1.054388
0.97762
1.349639
32.369896
30.227087
20.497336
10.852554
1.180693
12.306629
2.397145
1.116664
1.493441
1.155756
0.966776
1.017019
1.243763
1.015718
1.306398
1.328301
1.329143
44.331674
42.452652
32.609239
22.640271
13.098762
3.506784
1.237402
1.242947
1.223842
31.001115
21.018747
20.14327
10.268521
10.846326
3.290874
1.039818
0.962699
1.282624
2.901962
1.194068
1.02413
0.99669
1.092975
31.681203
29.147087
19.325517
9.495467
1.357218
1.050417
1.152062
1.087795
1.144433
1.113901
1.102845
0.995937
1.148756
0.987093
6.523178
1.089935
1.02643
1.064124
1.172994
1.47019
1.24928
1.361097
0.977329
56.235628
54.310509
44.380211
35.294031
25.336967
15.479239
5.598039
1.300512
1.120926
1.234708
11.291347
14.550753
4.576707
0.978396
0.954441
32.073773
22.011871
16.608712
6.546571
0.948101
1.238224
1.054076
1.017114
1.315642
1.15534
1.007385
1.034184
6.450319
1.017477
1.237653
1.224483
24.755644
19.393801
9.466553
1.425386
0.998469
1.106946
1.048624
0.99496
7.063953
1.079819
1.035921
1.293239
1.169216
34.608088
28.753501
18.857309
9.180828
1.509795
1.050618
1.061507
12.205457
2.196512
1.193652
1.183719
1.280117
7.132476
22.552077
18.468118
8.763327
1.029496
1.270911
1.023681
11.208974
1.170795
1.236843
1.110963
1.13845
1.36363
1.20892
1.065151
0.954711
32.105699
22.131278
12.258178
6.290406
1.363731
1.215239
1.302491
1.147274
1.209729
1.240663
1.145789
1.393467
1.031954
1.238157
1.287453
1.028622
3.273556
1.257922
0.973367
1.380203
1.053543
1.048063
1.070569
1.011216
1.355987
52.959115
54.938042
65.011228
55.007886
45.101793
36.94612
27.055502
17.057619
7.530448
1.273168
1.188006
1.012901
1.049945
1.295013
26.257936
16.297945
6.580514
1.369631
1.054637
1.16313
0.921324
1.063796
1.049575
1.188025
1.03774
1.236205
42.527302
32.579471
22.835824
20.219681
10.281644
0.927135
1.004732
1.249531
1.041226
1.370454
1.114445
1.168833
7.418872
0.943816
1.276152
0.991448
1.00409
1.252948
1.161161
1.024416
42.475657
38.499033
28.765433
18.837505
9.2459
26.417686
17.526732
7.658824
1.010599
1.172109
0.989881
1.210262
1.448571
1.295392
1.1701
1.1322
12.69556
2.855186
1.230789
1.538389
1.257294
1.235404
1.324027
0.998616
1.0189
1.238344
1.128051
0.976289
8.136793
0.971085
1.41508
1.259093
62.062894
62.306078
52.335847
49.798085
39.923967
30.021111
20.768741
38.143484
28.286627
24.31376
14.207799
4.379496
1.029448
1.055546
1.185099
1.263759
10.171818
19.855215
16.802201
7.094929
12.628882
2.779759
1.258131
1.102993
1.001833
1.159152
1.071147
1.256173
16.538391
13.140374
4.236088
1.484121
1.2125
11.899051
6.343664
1.266664
1.432978
1.148502
2.916878
8.473498
1.390845
1.294423
1.587971
1.102569
1.021784
9.708689
2.153231
1.388043
1.162154
1.409567
0.924709
1.066076
1.184224
1.290196
0.960153
1.143513
7.037528
22.704899
35.326863
32.742068
22.827702
13.159217
3.285275
1.051231
1.194793
1.223964
1.29189
14.757403
4.831357
1.296633
1.382798
1.241077
1.388105
1.209927
1.083406
50.685643
40.605841
31.091605
21.18055
11.685933
9.136334
1.039996
25.758567
15.837527
12.774485
2.920711
1.071689
1.020489
1.431755
1.16556
1.103701
1.121744
4.382792
1.028654
1.233372
1.252873
1.015476
0.956603
0.996249
35.449395
30.373109
20.664295
10.8977
12.223122
2.218316
1.023975
0.949291
1.128935
1.315124
1.275761
1.043383
1.280487
37.266337
27.30061
17.485804
8.009493
8.311877
1.219319
1.066035
1.264044
1.262708
1.010123
0.990318
1.442304
1.011112
1.243681
1.002123
1.290935
5.899062
1.360791
42.554486
32.690476
31.970234
21.821227
12.181543
2.604965
1.234932
1.1279
1.486327
10.111261
0.482916
40.143447
30.351968
29.482956
19.543104
10.019396
1.440004
1.394044
1.06639
0.993882
39.43189
31.361876
21.40922
11.533757
1.863648
1.304641
1.062126
1.153064
0.96904
1.230758
1.173969
1.006233
5.978233
1.138056
0.943544
1.023636
1.250827
1.131131
1.136708
1.017052
0.971782
1.191852
1.037636
12.709417
2.891549
0.975109
34.405638
52.60871
42.681729
32.84683
23.014287
13.53145
10.233666
28.568845
18.478898
8.685225
8.428759
1.230308
1.040636
1.311791
1.166244
29.521768
19.573303
9.56268
1.16347
1.02457
1.041263
1.235309
7.057606
1.292402
1.071873
1.007891
1.230327
30.067924
25.78321
16.104881
6.06046
1.244658
1.059496
1.038684
1.300048
4.704869
1.096229
1.304521
1.066049
1.606014
9.606597
23.402616
21.024494
11.502663
1.797554
0.986271
12.940887
2.926574
1.049772
1.231861
1.036918
1.048454
1.022636
1.019568
0.996641
35.741361
31.499463
23.596429
14.005664
4.352672
1.004149
1.028388
1.020337
1.08991
1.038368
1.137393
1.148212
1.026532
1.023529
39.556483
35.458589
25.657417
15.787396
6.252958
1.050353
1.390578
1.418723
1.179137
1.402687
1.261152
1.314167
1.042263
13.963412
4.020621
1.10907
1.226685
1.233759
1.394207
1.059802
0.965036
1.492421
58.485578
53.999816
44.216769
34.618603
24.807123
14.895072
34.271666
24.393742
14.543384
13.308164
3.84268
1.033016
1.402417
0.989007
1.198796
1.313599
6.374694
0.998255
1.127519
34.36432
30.471597
20.590582
11.04141
1.190602
1.22047
1.250283
1.31569
10.109843
0.646174
0.952244
1.208242
1.452576
1.254123
32.861197
29.270025
19.276166
9.426025
0.9758
1.234171
7.465368
1.22025
1.337971
1.005295
1.299406
0.964319
1.106615
0.951994
1.328295
1.236972
47.689391
37.746206
28.055606
18.505304
8.683453
1.288591
0.990104
1.000017
1.033979
1.197089
32.810755
22.949354
13.140484
3.546124
12.175013
2.071711
1.219007
1.029533
1.275322
1.292024
22.295009
17.605916
7.827585
0.988282
0.966728
1.080564
8.533357
0.984831
1.07187
0.996294
1.056447
1.042186
1.210401
1.049765
1.262887
0.934844
1.269549
1.027116
1.213038
7.241639
1.475663
1.094118
1.259801
57.824842
52.898541
44.796406
34.8604
25.183832
15.336824
5.993868
26.467738
16.528842
14.98815
5.062467
0.958492
0.982552
0.967592
1.30295
1.051188
1.115987
1.338805
1.253937
1.06148
10.54658
0.653934
40.559561
30.557826
21.104464
11.247459
1.628288
1.12675
4.241128
1.243162
1.430879
1.006772
6.043879
1.485602
0.975775
39.94853
29.972273
20.208589
21.514391
15.55729
5.530213
1.222473
1.225154
11.007051
1.044482
0.973112
32.31311
22.469985
20.415521
10.467967
0.803552
1.213868
0.951666
1.53488
1.184739
7.401565
1.109447
1.170402
1.107052
23.396801
20.360511
10.4264
0.820626
0.946204
1.211099
0.923755
1.176358
1.383896
4.067932
1.131078
0.982362
1.229661
1.245393
1.088152
0.924701
1.279759
1.08574
0.978519
0.958521
9.437269
0.736987
53.05777
43.04294
33.121646
23.576431
13.745484
5.718735
26.119303
16.08814
6.302898
1.338487
1.027883
8.863213
0.940059
0.975822
1.425221
1.258933
0.918366
1.124208
1.378385
1.215821
34.790846
35.382432
25.453155
15.455052
5.686072
1.12181
0.90599
1.104
1.115827
1.076069
1.414327
1.317512
0.923576
0.955279
35.435705
25.455945
25.176351
15.370389
5.492937
1.179804
1.105856
1.076057
1.057266
1.090849
0.996795
1.133878
34.387075
33.683456
23.811898
14.075477
4.176084
0.967431
1.371877
1.444885
1.188288
1.126082
0.966463
1.248279
1.108006
16.560347
36.432179
26.705741
16.981044
7.304909
1.3839
1.232918
1.207361
1.128015
0.953813
1.232437
1.148185
32.606087
22.708914
18.320072
10.711744
0.93294
0.932284
1.324618
1.233264
1.218025
1.158912
1.187884
0.913881
13.337241
3.276043
1.121536
0.956716
1.137203
2.996862
0.958701
1.01371
1.09512
49.063263
39.236617
29.537106
19.833915
10.122528
0.926991
19.444991
9.407603
7.326313
2.382698
1.28465
1.103972
1.233891
1.24342
0.977939
6.382282
0.872456
1.306662
1.288612
1.350353
0.915019
0.857818
27.458073
23.586456
13.623552
3.696578
14.19318
4.336285
1.205119
0.945209
0.979708
1.375158
1.006892
1.424588
0.89864
1.181756
1.206745
1.17403
1.103421
9.941346
0.537589
1.366849
56.360559
51.160901
43.271186
33.347757
23.697595
14.104216
28.499833
18.577162
8.563655
8.846177
1.007085
1.169686
1.279965
1.274105
1.682925
1.151087
1.278121
1.224901
3.463911
23.980345
14.136787
13.247848
3.384714
1.225625
1.447949
1.365168
1.208788
1.189792
1.090016
1.474805
1.007335
1.314626
1.235715
5.158
1.263175
1.048783
1.278699
0.960925
1.023666
1.317239
1.030946
1.040676
0.983151
1.238587
42.711486
69.048156
59.080335
49.321111
39.500753
29.926996
20.140693
10.545103
30.614631
20.952463
11.081582
11.446058
1.534798
12.383943
2.335937
0.98973
1.145622
0.997715
1.277913
1.211169
1.334174
1.046312
1.03737
0.938258
0.977173
10.750093
0.832502
0.949691
1.285621
1.307686
1.335395
1.000129
1.263217
1.179767
1.00153
1.171824
1.18956
23.25539
13.426661
3.64902
1.142092
1.073156
0.912477
1.18537
1.240186
11.447551
1.434524
1.090688
1.023531
5.902049
1.216957
0.985857
1.1865
1.144792
1.372475
0.99376
1.334024
1.063044
1.219191
1.010695
1.021757
12.459641
2.533109
1.071942
55.734846
46.057867
36.218299
26.632834
16.761943
31.023241
24.459701
14.717272
4.860641
9.205516
0.913851
1.201489
1.014682
1.156864
0.999715
1.778511
1.202941
1.244731
0.968819
1.235008
1.187555
6.446467
1.255539
0.992964
1.227521
1.291203
1.206758
1.365097
1.159334
0.93216
1.281536
1.14154
1.213086
16.509981
6.558502
0.918624
1.302022
1.213969
10.206098
55.080146
57.262169
55.50184
49.970806
40.004301
50.653699
48.209636
38.279992
28.358648
18.478196
8.939468
35.604808
25.639973
15.792406
6.262159
1.122543
1.204376
1.292421
14.240166
4.278359
1.008198
2.452446
1.510537
25.302558
15.507478
5.607524
1.349255
0.809136
0.842639
1.000065
12.06251
2.16472
1.352062
1.004933
1.265014
1.63756
0.926832
29.470881
19.623989
9.832387
0.758291
1.195021
1.290619
7.34681
1.271592
1.256104
1.162558
2.335967
1.540203
33.64106
27.405822
17.489156
7.581335
2.033267
15.860166
5.992279
3.62391
3.589939
0.899572
3.434029
3.446799
3.409107
0.951754
3.524004
1.139847
3.390844
6.913491
1.281161
1.27856
1.010958
0.962897
1.052079
0.967788
1.079943
0.928171
1.459144
1.21317
1.232263
0.930837
3.072014
0.87745
0.984116
63.189138
60.860226
65.52424
63.791887
53.983811
58.808976
48.93216
48.471657
48.394776
38.463364
35.346157
41.652874
47.18924
40.572
38.473472
35.177461
25.138255
15.152688
5.581029
3.427992
7.792969
1.138527
27.949046
23.590248
13.649025
3.841344
10.060969
2.556534
2.082953
1.820813
14.187156
4.263339
2.055576
5.942862
3.40465
3.53721
3.527815
3.441673
1.112238
3.533319
2.954075
2.669809
2.723086
1.187491
1.251074
9.98388
0.514679
0.940257
1.232847
0.99208
1.896444
1.228872
1.088917
1.132018
1.224816
1.309159
0.924615
6.016949
1.41466
2.177673
2.167832
1.949851
1.251152
0.9369
1.169845
1.198153
0.965055
1.428198
71.320252
61.401924
51.392525
41.402733
31.879606
22.062198
12.417797
2.560487
8.841096
4.612595
1.23984
1.234049
1.304574
9.400158
0.555269
1.453777
1.010579
0.941724
18.564463
8.597
2.1079
1.029256
0.97807
1.122276
1.197753
6.810815
0.985119
0.960436
1.294597
1.144388
0.950941
1.471899
0.945349
1.112414
1.11451
26.371955
16.42317
6.554772
1.326451
1.235902
1.298848
1.27261
1.415179
1.281095
1.295298
1.040382
1.239678
1.194767
1.292011
43.88706
34.019614
24.230557
14.347349
4.464281
2.967178
1.47867
0.979559
0.993006
0.968753
1.208854
1.571011
9.604913
0.949602
41.554772
31.66722
27.67239
17.81949
7.938255
1.254639
1.268197
1.214954
0.987176
14.429193
5.802291
1.433877
1.304562
1.024445
1.065896
1.300123
0.960661
0.947296
