0.475534
1.260841
1.72396
1.99206
0.838529
0.812704
1.124054
1.213919
1.152146
1.257018
1.961005
2.155076
0.922813
0.931877
1.07381
1.731743
1.196343
0.937845
1.110334
0.92121
1.011569
1.158977
1.197828
0.965813
0.868286
1.590642
3.970536
2.282333
2.064088
2.222807
1.119334
1.214911
0.886441
1.278703
0.921205
1.106646
1.44133
1.787356
2.670718
3.305889
1.49455
1.233822
0.989135
1.073799
0.868984
1.124473
0.991245
1.260748
0.902167
0.95258
0.975477
2.055962
1.088773
1.132537
1.071533
1.091459
2.102365
1.763278
1.191797
3.008705
2.254714
2.342555
1.272447
1.648249
1.048916
0.944612
1.090695
0.958943
0.964274
0.993776
1.336432
2.161492
1.414084
2.577843
2.289874
1.749035
2.633398
2.692401
1.720429
2.314161
2.259811
1.198138
1.272099
1.147101
0.940605
1.078041
1.195775
1.489446
2.986399
2.063794
1.799741
1.22823
1.156907
1.077849
1.185679
1.046423
1.086277
1.22502
0.888922
2.35097
1.116624
1.034109
1.019144
1.852672
3.869236
2.056212
1.367958
0.920505
1.162597
0.9875
0.920292
1.254504
1.025348
1.001934
1.269779
1.091556
1.087924
0.821312
2.291711
1.270821
1.205712
2.482594
1.098634
3.018344
1.030945
0.932741
0.971723
0.966753
1.035703
1.11129
1.210594
1.140496
0.911308
1.205406
0.945645
2.204274
2.030945
1.327037
2.348494
1.081294
1.143889
1.216805
1.028564
2.73506
1.481937
2.159494
1.444127
1.650014
1.102151
1.293226
1.22269
1.189988
1.066221
0.897899
1.282837
1.179991
0.945625
1.204228
2.139261
0.948751
0.977522
0.981159
0.935808
1.240175
1.016038
1.196215
1.2039
1.030312
0.962717
1.883252
1.016701
2.31978
1.665219
1.023049
2.269652
2.229941
1.305757
1.414567
1.065263
1.573804
2.084956
1.16351
1.358541
1.165503
0.990237
2.397151
1.328755
2.078897
2.056351
0.936665
1.012056
0.971983
0.980682
1.220377
2.322494
1.099373
1.210036
2.244651
2.18483
1.085483
0.904123
1.245631
1.037089
1.248867
0.968273
2.132293
1.354334
1.235782
0.977144
1.215752
0.957724
0.898987
1.080211
2.289661
2.709305
1.042096
0.990628
1.197212
2.997196
0.979479
1.356153
1.171534
1.028493
1.174733
0.866761
1.062486
1.145896
0.962672
1.596091
2.779531
3.108088
2.342324
2.796561
1.191067
1.004667
0.930461
0.924026
1.042074
0.925335
1.218903
2.950751
1.708173
3.048467
1.108462
2.459921
2.871912
0.946424
1.037645
1.2014
1.152909
1.229346
1.285488
1.643897
2.434611
1.323974
1.027185
1.050726
1.243327
1.113394
2.142793
1.273964
2.980125
2.003911
0.975383
2.256355
2.466261
3.390032
1.969099
1.007257
1.160807
1.164728
1.197865
0.969887
1.052616
0.852753
0.977593
1.98944
2.349308
1.033753
2.397036
1.331578
0.912094
0.947484
0.993558
1.009777
1.026222
1.036062
2.27583
1.580076
3.291374
2.392442
1.044388
1.180659
0.983672
2.00838
1.021093
1.116319
0.972786
0.891791
1.002005
0.930108
1.652322
2.144143
1.642317
1.459171
2.265372
1.112903
1.060318
1.028311
1.176239
1.096892
0.90576
0.981559
0.973687
0.96335
1.043867
1.043965
1.931441
1.069245
2.645455
2.478536
1.236829
1.159015
1.328419
2.951839
1.146005
1.127567
1.251537
1.208975
2.315769
1.877105
1.690178
1.322302
1.166709
1.177935
0.975276
2.18391
1.135145
1.233713
1.293074
1.106675
1.021887
1.313157
0.951237
1.163383
1.300203
0.987388
0.970148
0.972173
4.150678
1.568774
2.713697
1.146883
2.399169
2.011964
1.026399
2.869263
1.167066
2.938437
1.045932
2.767842
3.087134
0.95967
0.987879
1.091415
0.972924
0.939961
1.10657
1.056967
0.904686
1.173611
1.127268
3.040646
2.377092
2.558415
1.846627
1.135622
1.231321
1.212277
1.147521
1.126884
1.039204
0.925839
1.066983
1.05484
2.846047
1.624029
3.007673
2.342213
2.258288
2.223309
1.146214
1.024057
0.983487
1.216424
1.014184
3.477234
2.030842
3.105725
0.966325
0.982002
1.307156
1.172859
1.151051
1.189361
1.14835
0.836524
0.957741
1.048006
0.924256
1.219771
1.09871
1.668838
1.832205
1.15937
2.202932
1.019968
1.005374
0.894872
1.113028
2.754562
1.070654
1.065172
1.096035
2.172253
1.2549
1.709482
2.317228
1.837776
1.189241
1.200958
3.041441
0.821691
0.925634
1.014622
1.084432
1.219004
1.263154
1.074677
0.95662
0.933399
0.960139
1.130407
1.292852
1.958913
3.129249
1.050221
1.196894
1.241122
0.933793
0.845821
1.191592
3.082914
2.687588
2.1509
2.039027
3.496422
1.169107
2.450535
2.377013
2.253626
2.590022
1.099012
2.238113
2.685126
1.560806
1.471982
0.973088
2.654649
1.099393
0.970269
1.315238
1.737948
2.31259
1.203065
1.211296
1.229762
1.405849
0.965426
1.023216
1.916828
0.92003
1.038558
1.013582
0.869917
0.950841
1.104882
1.821763
1.426056
0.975691
0.907115
0.99889
1.95721
0.940775
0.836532
1.023973
0.920846
1.358726
1.088593
1.19914
1.013841
1.116822
2.125331
2.404638
2.035251
2.156211
1.238607
1.229113
1.079669
0.976995
0.871983
1.235709
1.166283
1.186646
1.204313
1.139138
1.178863
0.980198
0.910055
1.329941
2.364673
2.036524
1.361319
2.824604
1.129619
0.932876
1.176568
0.936458
1.684463
2.17508
1.046488
1.176796
1.188043
2.103708
1.277123
1.045473
0.969432
1.24925
1.316925
0.923863
3.426113
1.281267
2.080607
1.043142
2.797795
1.321354
0.924754
2.486522
0.996368
1.106613
1.00485
0.959236
1.751831
2.270952
1.243756
1.222697
1.1645
1.22672
1.068157
1.051597
1.967528
1.160459
1.050339
1.143732
1.54612
2.034504
0.993747
0.889989
1.052859
0.94631
1.084772
3.19346
2.698503
2.35521
3.25905
1.294346
2.249237
1.201419
1.180891
0.966607
0.987159
0.933369
0.961757
0.95493
0.939817
1.735525
2.357956
2.71427
1.521863
0.997023
0.918514
1.010594
1.151197
1.245587
1.006173
0.890656
0.886873
0.944617
0.866311
0.947556
2.849001
3.298232
2.666247
2.517001
2.794211
1.128938
1.114987
2.199706
1.161197
1.166645
1.017799
1.236365
2.44644
0.920687
1.11579
0.881456
1.173188
1.21598
1.240815
0.923336
0.916602
1.057856
0.954485
1.067444
1.026791
0.89436
1.010976
1.002153
0.946484
1.199483
1.150642
1.002267
1.041921
1.181993
1.158486
1.14351
0.910961
2.56389
1.016728
1.055078
0.916744
0.97591
1.225937
1.134893
0.992145
0.992777
1.480131
1.326441
2.903718
3.209241
2.607486
2.916261
3.18007
1.128791
1.727061
1.942196
1.577349
1.259669
1.677407
2.091222
2.23794
1.226356
1.217387
2.692169
2.161684
0.896489
1.300072
1.135638
1.550259
1.163663
1.437759
1.775623
2.154378
2.50773
3.110053
1.251166
1.047481
1.185684
1.203203
1.009378
1.038892
1.053273
0.884839
1.17349
1.386528
1.236205
1.027433
1.220199
1.044586
0.885398
1.236619
1.051872
1.265586
1.210003
2.180485
2.09773
2.052941
2.103278
1.180223
1.082285
1.200781
1.207195
1.094513
0.912858
1.370745
2.617514
1.261298
1.231905
0.921233
2.668402
1.054583
0.890765
1.034633
0.966023
1.148221
1.191224
1.191444
1.822524
2.093403
2.162262
2.105722
1.086868
1.089443
1.211086
0.868841
1.210359
1.305653
0.928605
1.162301
1.250096
1.106808
1.192859
1.001814
1.478755
0.944177
0.993756
2.098774
2.283188
1.057971
1.326595
1.043685
0.979416
0.973574
1.195737
0.988942
2.037903
1.284907
1.172662
0.932769
1.017992
1.996809
1.466201
2.528194
2.268501
1.127605
1.155364
0.969071
1.667965
1.086817
1.129201
0.87103
1.00568
1.078435
0.933099
1.796979
1.158783
2.224794
2.991047
1.081977
1.538065
0.960912
1.003593
0.921102
0.910776
1.123496
0.878804
1.104363
1.178689
1.206437
2.675679
2.358063
3.271447
1.580399
3.107152
1.257899
3.010794
1.170563
1.185785
1.078481
1.342426
1.072429
1.095914
1.978858
0.920325
0.898327
0.999599
0.93501
1.20176
1.140799
1.124966
1.571505
2.690176
2.280248
2.162956
2.306782
2.77935
3.199672
1.201454
2.147165
2.105929
3.351094
1.029257
0.946258
1.031642
2.392695
2.346312
2.57759
1.896262
0.892254
1.012385
1.068679
1.240728
1.032785
1.172172
1.165816
1.024224
0.936125
1.227423
1.04947
4.216368
1.992516
2.058233
2.527328
1.948549
1.352535
1.202453
1.213509
1.097376
0.954709
0.955903
1.18578
2.237228
2.982643
1.368928
0.893682
1.243639
2.097966
1.078329
0.99168
0.955101
1.192366
1.021887
1.056301
1.2377
1.7017
1.313537
1.203546
1.045838
1.900616
2.135218
2.816977
2.265124
1.740957
1.881051
1.350421
1.052843
0.890244
1.214256
0.972289
2.312079
2.699004
1.184445
2.287899
1.579801
0.971883
1.246719
2.161798
0.969166
1.018466
1.053084
0.910697
1.235187
0.897514
0.871965
1.102997
0.926133
0.918897
0.973529
2.176667
0.990891
0.993072
1.257183
2.266481
1.45502
2.536749
1.323665
1.444239
1.468211
1.959349
3.168805
1.641015
2.136522
1.971348
0.889874
0.931396
0.895275
0.860424
0.916689
0.915913
0.912181
1.022261
1.310122
3.290798
1.372567
2.266294
0.932308
1.914893
1.195564
1.00792
0.951069
0.918986
0.977661
0.920512
0.949118
2.094482
1.201388
1.276162
2.118496
1.716829
1.583424
2.846021
1.765114
1.953256
2.321843
2.717191
0.894737
1.920762
1.114451
1.132535
0.901775
1.233352
1.195144
2.109325
2.613483
2.526377
1.396652
1.953146
0.975347
1.86515
2.552735
1.143213
1.18874
1.113252
2.088172
1.228477
1.011095
1.391489
1.102706
1.072202
1.22034
3.558803
3.119755
1.200542
1.427799
0.965983
1.20627
1.126947
0.927233
1.085876
1.113298
1.035964
1.120009
2.223063
1.287485
1.19802
1.193568
1.319644
1.144547
1.049382
2.442151
1.388062
2.68911
2.637506
1.213089
1.083005
2.206464
2.620458
1.27005
0.954111
1.266309
1.070504
0.97109
1.24837
0.944417
1.153161
1.075602
0.930388
0.901315
1.250854
1.176892
1.154855
1.146184
1.969518
2.396154
1.106027
0.908502
1.180885
2.1675
0.989722
0.963321
1.276803
1.207049
1.21256
1.182002
0.917329
0.93494
1.180594
2.263894
2.200581
2.22946
2.178732
0.976159
1.040964
0.921476
1.09808
0.962609
1.123509
1.09424
1.145082
0.886723
1.0193
2.112224
3.002194
3.317247
2.632241
1.027381
1.015845
0.936028
0.938985
1.192328
1.088283
1.116163
1.463083
2.353222
2.318104
1.098409
2.558606
1.163278
2.121894
2.42196
1.393307
0.979643
1.204675
1.177344
1.009017
0.981465
2.226214
2.250348
1.841725
1.206895
2.209683
2.389055
1.458099
1.020878
0.951284
1.004286
0.954652
1.219487
1.072807
1.164766
0.938429
0.95029
1.078316
1.120595
1.978205
1.031942
1.12055
1.216504
1.012262
2.371575
2.125345
1.96557
4.163234
1.368811
1.327973
1.464815
1.954794
1.971703
2.263914
2.695023
1.262725
1.281944
1.431621
1.321544
1.121978
1.978571
0.925037
2.295851
1.287435
1.248389
0.945303
0.978109
0.961804
0.967652
1.758593
0.955675
1.061422
1.086394
2.149398
1.410732
1.354145
1.377842
0.962282
1.066382
0.990843
0.99661
1.047625
3.005414
0.96537
1.247982
1.114015
1.146604
1.25698
1.916034
1.85796
3.187787
3.306845
1.36997
2.598114
1.195844
1.341468
1.05749
1.005453
1.052745
1.030075
1.395145
1.550482
1.003774
2.850945
3.180699
1.086808
1.645246
2.58967
0.951928
1.012131
0.991679
1.135513
1.03985
1.430137
1.622784
1.15957
3.992699
1.237371
1.238713
0.908898
0.97173
1.04424
1.224319
1.083024
0.924772
1.156191
1.031551
2.185857
1.408552
1.041037
1.036822
1.016704
0.949017
1.188816
1.088412
1.176927
1.096514
0.974473
2.34941
3.358371
2.551745
2.520452
2.070692
0.945233
2.61764
2.895247
3.031443
1.268909
0.966218
0.895695
0.880936
2.205425
1.491938
1.366939
0.952889
0.956054
1.196857
0.960075
1.011044
0.974532
1.226437
1.13569
1.066826
0.989778
1.8589
1.150325
1.399004
2.867757
2.429031
2.186791
1.035345
1.333372
1.108146
1.087312
1.306403
1.850819
2.260788
1.044998
1.144029
0.980339
1.250147
2.214462
1.306281
2.225104
1.251007
1.191412
1.059545
1.296004
1.321618
0.988077
1.151396
0.994847
1.175201
1.97581
2.275027
1.281505
1.663196
1.028625
1.23244
1.068013
2.005118
2.022392
0.898632
1.045896
0.903943
0.910584
0.986367
1.040057
0.958363
0.903885
1.41877
1.003734
1.407868
0.967494
1.011745
1.168805
1.745621
1.297821
2.987649
3.15072
2.560442
2.702705
2.475825
2.521073
1.293929
1.250839
0.987017
0.91311
1.169804
1.089078
0.999658
1.025628
2.026888
1.168094
1.060493
0.973171
2.302493
2.585867
1.185656
1.289469
1.217469
1.038646
1.138417
0.994544
1.100675
1.211543
0.993968
1.202449
2.4027
2.665036
1.201565
1.810023
1.182289
1.050478
0.987103
0.907811
1.062035
1.188557
1.197883
1.173058
1.152275
1.282847
0.947208
2.109739
1.592733
1.231524
1.26302
0.981557
1.142175
1.018701
1.045538
0.989467
2.166238
0.934342
1.21469
1.241385
1.043476
2.118901
1.001673
2.222182
2.279066
1.474722
1.06784
1.241891
2.464717
1.808794
1.107221
0.985272
0.923368
1.241456
1.1673
1.036664
1.282294
1.278986
1.180676
2.508343
3.550939
2.418825
1.0744
1.075824
3.274134
1.094328
2.23464
1.024698
0.984938
0.936104
0.914243
1.87394
1.181096
0.92404
1.044893
1.204267
1.911172
2.902722
2.415489
3.047713
3.03808
1.00017
1.00413
3.174106
2.356047
1.022156
0.959042
0.9143
1.055201
2.436605
1.449007
1.08867
1.002957
0.980824
0.956796
0.971457
2.335386
1.032171
1.468405
1.199627
1.167213
0.892661
1.887578
1.605617
2.241447
0.914148
0.99308
0.973819
2.247736
0.941745
0.972852
1.036377
0.882811
1.13583
0.942677
1.051368
1.152124
2.74237
1.094685
2.608695
0.968513
2.141409
1.037848
1.178638
1.186542
1.181043
0.954851
0.998758
1.022872
1.21003
1.23149
1.122122
2.069105
2.251149
2.393106
1.537239
3.065767
3.004043
1.024198
0.890791
1.004274
1.092344
0.907099
0.876454
2.04915
1.121494
1.075432
1.380592
1.627819
2.216529
1.141281
0.994887
0.997685
1.095368
1.214015
1.157981
2.293824
1.163382
0.983494
0.93501
1.194012
1.197532
0.952971
0.922771
1.217611
1.170108
1.250824
1.076298
2.394298
1.84043
1.308858
2.473773
1.181155
2.639243
1.245542
1.318645
1.21056
1.317232
1.06498
2.085984
4.195801
2.118078
2.339204
1.701874
1.097345
0.860182
0.956611
1.193425
1.09459
1.050901
0.899865
1.916375
1.106625
2.175475
1.793232
1.246322
2.288056
1.066705
0.95721
1.189787
0.891952
1.329793
1.336075
1.613866
2.510835
1.115929
1.16508
1.054877
1.127276
1.184517
0.970501
1.26387
2.562182
2.106464
2.692263
3.386733
2.897171
1.075747
0.980101
0.881737
1.099332
0.931711
1.180743
1.008121
1.283585
1.149579
1.032569
4.143647
1.25719
1.740911
2.794591
1.219021
1.106332
1.031225
0.95272
1.127457
0.900486
0.929829
1.188642
1.476777
0.937245
2.637755
0.993595
1.172967
2.150827
1.318364
1.035395
0.920328
1.15128
1.224782
1.249824
1.227414
1.021063
0.975556
0.909229
0.924619
0.821119
1.235314
0.8851
0.992552
1.082658
1.216164
3.153321
1.126185
0.854404
2.357654
1.284986
1.073019
0.894976
2.273449
1.898572
2.239676
2.280389
3.202172
2.074442
2.557694
3.005504
2.880955
1.22428
2.102254
1.161882
0.904784
1.004717
1.176787
0.897407
1.06542
1.117018
2.365873
0.979814
1.25371
1.002588
0.933788
1.056015
1.07015
1.198613
2.046424
2.015868
1.176974
1.803977
1.269372
0.888813
0.962826
0.977884
1.17434
1.639815
1.209303
0.883334
1.296864
1.076718
2.421242
2.38892
3.085792
2.253829
1.069884
1.113983
1.175537
1.315292
1.257291
0.961612
1.019543
0.992077
0.953628
2.484302
1.91947
1.332406
2.083935
2.247084
1.175228
1.291493
1.768902
1.295944
0.987065
0.981323
0.99891
2.853972
1.300022
1.171508
1.833276
1.989082
2.252751
1.967011
1.261416
1.258489
1.129412
1.147138
0.971294
1.081737
0.92048
0.880384
1.16693
1.158917
1.040263
1.240853
1.070167
1.01558
2.040982
3.225852
2.087843
2.20526
2.417197
1.584712
1.341197
1.253514
1.327776
2.198234
2.150574
1.126742
0.912952
1.099084
0.914838
1.843233
0.939641
1.238437
0.960438
2.759716
1.864959
2.222682
1.515229
1.223476
1.288944
1.247625
1.234772
1.991079
1.24233
0.914547
1.241425
1.06729
1.489926
2.142899
0.994961
1.058509
1.079854
0.954667
0.932223
2.13948
1.00591
0.939064
0.998913
1.767223
2.659644
2.002046
1.824662
1.008584
1.029045
1.343894
2.100203
2.015808
1.045658
1.153816
1.034152
1.232361
2.003099
1.272481
2.550182
2.275467
1.823332
2.204743
1.016947
2.398581
1.184843
1.227239
0.988028
0.869688
0.875718
0.976278
0.937848
0.999394
0.921082
1.079261
2.239852
1.15336
2.369872
1.471006
2.600137
2.300544
2.038439
0.994483
0.884418
0.918788
0.937296
1.158722
1.216679
2.100419
2.730426
1.183051
0.923315
1.282294
1.245255
1.238059
0.957988
1.182171
0.938561
1.019525
0.924
3.450458
1.716036
2.947711
2.069561
1.590785
1.178349
2.570812
3.227724
3.286178
1.11501
2.164272
1.353628
3.222205
3.727605
2.181789
1.2251
1.21975
1.142647
2.086263
2.159071
1.993401
2.049266
1.005309
1.140668
2.157322
1.118122
1.041517
1.823035
1.460083
1.251579
0.986486
0.973785
0.967611
1.116881
0.940678
0.915814
1.932434
0.930591
0.973222
1.552475
1.436237
2.376067
1.794859
0.96319
1.16196
1.124585
1.208761
0.938474
2.358417
2.298378
1.017759
1.028762
1.147589
1.035086
2.283284
1.066252
2.280545
1.94846
1.238996
1.151196
2.993833
1.37687
0.923171
1.051379
1.120322
1.386502
1.039316
1.327687
1.234247
3.082009
3.086493
2.372508
1.004996
1.259319
1.19754
1.114567
1.041246
1.141249
0.935626
0.931762
0.942949
0.995931
1.124926
2.359641
1.134194
0.990767
1.049927
0.998057
1.101728
1.96045
1.244495
2.15851
3.07194
2.192213
2.341954
3.305736
2.240314
1.097823
2.330545
1.121932
1.109835
1.134856
1.2374
1.211703
1.198767
0.95392
2.765007
2.453257
2.159962
1.037355
1.189834
1.078094
0.919986
1.271138
1.235969
0.935209
1.006012
1.186175
1.190323
1.632916
1.261287
1.204266
1.177615
1.765021
1.620637
2.167154
2.109499
3.383062
0.911834
1.152335
1.123505
1.215041
1.015358
1.015773
1.154937
1.219593
1.42514
1.335905
1.936601
2.143803
0.951011
0.980628
0.885723
3.000222
1.065827
0.976799
1.27768
1.195582
0.926387
1.322974
2.521145
2.133253
2.112298
1.228578
1.266558
0.953555
2.095881
1.274745
0.974763
1.057326
0.892998
1.412698
2.252971
3.141976
2.016119
1.124143
1.23785
0.996156
2.836774
0.889513
1.094879
1.111866
1.088863
0.956542
1.049002
1.359698
1.55995
0.979699
2.454127
4.109952
0.971169
1.85886
2.421628
1.877398
3.169471
2.212563
2.462235
1.106363
1.219121
1.255479
1.010907
2.197153
1.552464
1.260679
1.195435
1.20228
1.926644
0.971594
2.460838
1.838142
2.238876
0.875545
1.206321
2.203162
1.262181
1.246092
1.245833
0.938848
1.031952
0.971796
1.103847
0.962334
1.256354
0.930539
2.688496
3.73085
1.205183
1.214476
1.213918
0.896035
1.356449
0.916995
1.133436
1.127755
1.04775
0.976255
1.271084
3.305151
2.563988
1.008473
1.100382
2.271648
1.257803
0.905647
1.008259
1.138266
1.277413
0.837747
0.985738
2.245529
0.961565
2.205937
2.304526
1.766884
1.868052
2.162277
1.008019
1.014598
1.042744
0.959659
1.072351
2.768422
0.96689
0.921449
1.015518
2.362968
2.233462
1.998505
1.252941
1.347463
1.093888
0.877481
2.413603
3.156626
1.143046
1.026663
0.94818
0.91033
1.223615
1.181439
1.21693
1.109399
1.212407
1.268326
1.131466
1.973895
1.149284
2.209743
1.390931
1.077131
3.195334
2.712469
2.676335
1.265659
2.214796
2.295612
3.289019
2.680499
1.2829
1.172133
1.124416
1.021317
1.195303
1.190567
1.146876
1.989377
1.423203
2.136537
2.076224
1.044646
1.14144
1.00405
1.293616
1.066698
1.284664
1.179344
1.076396
1.263902
1.012014
2.19485
2.280376
1.109246
2.228719
1.152873
1.011912
0.979555
1.019139
0.82695
1.064555
1.331039
1.178157
1.046529
2.011827
2.359317
1.389435
2.610819
0.949742
1.070582
1.357655
1.231569
1.266547
1.228881
1.242212
0.990329
1.226664
2.122085
1.054889
2.242158
2.266384
1.136701
1.106775
1.083325
1.173469
0.99953
1.272942
1.047464
1.334727
3.289056
2.30502
1.216764
1.209172
1.196254
1.201154
1.006289
0.97114
1.15998
1.068677
1.010762
2.641768
1.471463
1.082815
0.990622
1.262354
0.94579
0.908502
1.051467
0.991843
1.006682
0.976502
1.48251
1.236519
2.158895
3.524085
1.529928
1.202828
1.272204
1.394817
2.106261
1.429126
0.913021
1.215622
1.059588
0.978177
2.215749
2.235464
1.262357
1.201871
1.17376
2.443514
2.539107
2.274174
1.304111
1.114884
1.130287
0.941696
2.211371
1.096853
1.098028
1.099288
1.17782
0.960292
0.976527
1.102953
0.899753
2.721856
2.33927
2.5347
2.217398
1.259563
0.939031
1.10448
1.221716
1.128583
1.224811
1.217228
1.308261
2.042978
2.542208
1.357372
1.269751
1.183041
0.965032
1.259646
1.138805
1.133703
1.26377
1.159839
1.017703
0.987903
1.069961
0.985346
2.280652
1.735421
1.104316
0.941894
1.193637
1.026973
1.042115
0.951605
1.103097
0.947474
1.056046
0.955923
2.941649
2.219633
0.924621
1.163644
1.237308
1.185839
1.278887
1.195682
2.236112
2.017569
1.496266
1.654891
2.812799
1.049255
1.176739
1.044617
0.946496
1.049393
1.169252
1.322764
1.217174
0.919221
1.214154
3.906867
3.738192
2.907376
2.062445
1.437098
1.694561
2.230799
2.270226
1.155105
1.297439
2.470747
2.371469
1.033596
2.289615
2.950953
2.414866
1.228948
1.18403
1.206653
1.027204
1.135443
0.936087
1.112704
1.235592
1.018851
1.834203
1.086786
1.000939
2.247716
1.036008
3.228637
1.430895
0.969926
1.035598
0.93074
1.335462
1.26195
1.276626
1.236463
1.140153
1.213124
1.152109
1.015375
2.614724
1.883658
1.185371
1.428225
1.070237
0.900312
0.930656
2.209851
0.955545
1.174833
1.108709
1.267979
1.190132
1.047943
1.063097
1.034078
1.082742
2.19833
3.153926
2.762076
1.109109
1.152861
0.964185
1.178586
1.035088
0.91973
3.108456
1.261204
2.08171
1.288917
2.971715
1.349662
1.207644
1.196354
1.098431
0.986998
1.10591
1.257423
1.21278
0.91123
1.076603
0.91841
3.044875
1.896986
1.090187
1.250491
0.96675
1.09515
1.173208
1.278974
3.044172
2.245326
2.542271
1.529787
3.256459
3.070979
2.552773
1.110603
1.81188
2.681149
1.131404
0.974167
0.929604
1.060691
1.193875
1.870084
2.3476
1.306735
1.442924
1.137746
1.207361
0.872598
1.018272
0.796142
1.14665
0.904056
0.97594
2.503618
3.312798
2.360375
0.966873
1.051308
1.004569
1.137357
0.89661
0.899009
1.012197
0.963244
1.166264
1.594104
2.183331
0.96302
1.000832
1.264308
1.813925
2.829456
2.504497
3.020326
1.031146
1.080246
1.150455
2.023087
1.222168
1.070405
0.964979
1.152589
1.140289
1.130426
1.16929
1.162022
1.161137
2.917471
2.584797
2.347976
4.60179
1.013684
1.208504
0.955921
1.12259
1.215683
1.200539
1.127901
2.400562
2.149588
1.735182
2.555141
1.284005
1.119361
0.949915
0.904961
0.936055
1.205518
1.171667
1.059304
0.967915
1.272051
1.134258
1.072848
2.131497
0.930613
1.092704
2.636951
1.811473
1.440638
3.377144
1.808217
1.01734
1.023832
1.004325
1.2322
2.538146
1.118212
2.998946
2.330704
2.25625
2.211751
1.164953
0.82389
1.01343
0.945567
0.940033
0.946953
4.130386
1.803683
2.20107
2.167833
2.264319
0.97885
1.344814
1.037706
0.955896
0.991369
1.16795
0.925004
2.712548
2.214731
2.224655
1.086108
1.070704
0.980847
1.268604
1.134122
1.109438
1.139978
1.186001
1.286658
1.070296
1.228731
2.112841
2.265843
2.30947
2.928831
1.157137
1.051477
0.906268
1.227755
0.928666
1.115418
2.349502
1.211626
1.151018
1.203854
1.243887
2.255035
2.111274
2.262536
2.197113
0.910408
0.995711
1.246124
2.183171
1.182892
1.157483
1.1499
1.176556
1.160831
2.087627
2.214638
1.214764
1.380537
1.030245
1.12002
2.448303
0.87333
1.224126
1.016496
0.937007
1.094831
0.946035
0.992969
1.184861
1.047796
1.013625
1.23368
2.24132
2.215797
2.871835
1.825567
1.345079
2.199079
1.254928
2.242645
0.959291
1.008711
1.048764
0.966965
1.570292
0.985273
1.719087
2.233123
1.216221
0.94785
1.039733
0.875688
1.880706
2.350777
2.124458
1.069376
1.347432
1.093057
1.240812
1.228053
0.94962
1.047527
1.171244
0.787772
1.141004
1.104818
2.587162
2.625836
3.391785
0.976201
1.026122
1.203738
0.968507
1.123712
0.95639
1.23984
1.090069
1.205805
2.237443
2.750991
2.869547
1.003682
0.949092
1.158954
1.054271
0.843867
0.992582
0.859602
0.951654
1.151121
1.206688
1.123109
2.039241
3.201629
2.45955
2.198511
0.906937
1.252589
0.989919
0.915998
0.963919
1.227308
1.0668
0.988797
2.234841
2.37767
1.190457
1.107545
1.170261
1.147822
2.281286
1.251543
3.217331
2.25844
1.965837
1.142267
1.27105
0.962706
0.941492
1.088575
1.265687
1.066306
1.342487
1.085926
0.947489
1.100788
0.897989
1.065208
2.867511
1.212169
0.880225
1.149549
1.466704
1.184892
2.225982
2.26388
1.396753
2.623376
2.953611
3.008135
2.821249
1.275294
2.820531
2.088989
0.863074
2.287265
1.519556
2.504563
1.006081
1.084827
0.958998
1.011578
2.199294
1.103736
0.97764
0.988601
0.924477
1.280566
1.010799
1.200882
1.907788
2.798993
2.087572
2.697929
2.168051
1.992673
0.92805
0.964338
1.10733
0.942555
1.075596
0.932765
1.171245
2.250131
2.23064
1.806046
0.992321
1.374752
1.1019
0.940542
1.051798
1.01816
0.940207
1.134172
1.045792
1.035426
0.958062
3.526891
2.449539
1.935322
1.351003
1.725429
1.182772
1.090251
0.992792
1.056693
0.96767
0.929877
1.223483
2.154707
1.90961
1.187731
3.203792
3.23859
2.22325
1.178708
0.960422
1.086398
1.057421
1.481589
1.289627
1.086076
1.287148
0.883691
1.147884
0.960424
0.970435
1.11143
1.190576
1.139959
1.1875
2.085631
3.143372
3.0953
2.469684
1.646383
2.032373
2.210503
1.973606
1.108648
0.925146
2.810816
2.423122
0.952335
2.186823
1.019767
0.991047
0.928378
0.891774
1.214788
1.284513
3.038542
2.226682
2.510485
2.693839
0.89045
2.128784
0.877108
1.025024
0.944032
1.161044
0.9125
0.912734
0.890591
1.292664
1.992711
1.783334
3.240762
3.053206
2.836719
1.088183
1.240592
0.930965
1.200042
1.117828
1.141663
1.19959
0.776904
3.18156
3.143022
3.135046
1.823492
1.105821
0.975367
1.112836
1.048743
0.896246
0.979389
1.002211
0.827806
0.887514
1.187571
1.078636
2.293165
1.198879
2.228991
1.250004
2.558764
1.095524
1.116373
1.073628
0.984791
1.185686
1.828717
1.703699
2.54892
0.929788
1.023021
1.013221
0.944336
0.93948
1.236159
0.936086
1.13157
1.032869
1.339519
1.425854
0.926119
1.314136
0.990018
1.008581
1.114219
2.748182
3.049009
2.26473
2.168291
2.333667
2.34655
1.212605
3.115189
2.269386
1.299856
0.873155
0.934102
0.877103
1.11396
1.169844
1.008096
1.299837
1.066305
2.155259
2.457264
2.247491
1.14608
1.670078
0.946713
1.144682
0.970226
1.041738
1.109517
0.995425
1.179381
2.871798
1.784053
1.079413
1.248342
1.931419
2.165567
0.979566
1.110768
0.965686
0.987886
1.19607
1.252449
1.067855
1.30548
0.964013
1.065671
1.200891
1.183197
0.897323
1.16871
2.946306
2.345378
0.973953
1.064871
2.106473
2.226792
1.265157
0.926416
0.915855
0.879865
1.358791
1.187865
1.168531
1.135777
1.349632
1.513033
2.887377
3.716368
2.112358
1.164332
0.953806
0.920657
2.899534
1.000674
0.950931
0.952547
1.068727
1.198327
1.260843
1.392617
0.932021
1.000625
0.957122
0.953024
1.088219
1.320088
0.994111
0.886556
2.162777
1.424179
2.336257
3.045761
1.285141
3.145054
2.493347
1.816607
2.234322
2.367304
2.164155
1.88207
1.319394
2.476652
1.3785
0.973055
0.897183
0.940692
0.923018
1.020262
0.897837
0.999675
0.93516
1.124883
1.127804
1.176493
1.520591
2.283429
0.973151
1.135446
1.141983
0.916143
1.212847
0.976896
0.901328
1.137985
1.045379
1.001542
1.365213
2.644997
1.481539
1.116268
0.984072
0.999659
1.16856
0.937912
0.935269
1.271362
1.190427
1.151494
1.569836
1.216483
1.095426
1.18183
1.201227
1.04973
2.352494
2.323559
2.050744
1.291319
1.151821
3.3288
1.748031
1.007403
1.222379
1.16359
0.969429
1.081738
1.202406
1.071904
2.107339
2.186912
1.292537
2.315343
2.698999
1.373111
1.281734
0.929213
1.049901
0.998221
1.013228
1.100326
1.20907
1.197681
0.973456
1.24264
1.324305
3.056917
2.52955
1.201903
2.08285
1.656897
2.149719
1.136629
1.162848
1.090446
2.440904
1.276901
3.744139
2.169096
0.89872
1.220235
1.257599
1.048433
1.087043
1.029696
1.340764
1.413199
2.116817
2.945666
2.434568
1.297559
1.205656
0.993549
0.988493
1.218317
0.976718
0.867652
2.493664
2.414813
3.232503
2.59325
1.135879
1.021381
1.269924
0.945428
1.037198
0.914479
0.989537
0.901366
1.014284
1.181933
2.107561
3.35011
1.082695
1.153195
0.941577
1.121362
1.08072
0.992433
0.96808
0.994322
1.043883
1.162741
0.933646
2.283115
2.25018
2.279424
1.226573
0.90009
1.154942
1.054077
1.033661
0.965352
0.980975
1.038236
2.249016
2.120748
1.176538
1.567031
2.246512
2.256197
2.277492
1.141394
1.676635
1.12714
0.986918
0.957765
1.625582
3.041174
1.024757
0.926161
1.146242
0.954537
0.982995
1.054714
1.204054
1.324705
2.183267
2.869414
2.397615
2.231898
1.142155
2.210895
1.374031
0.963586
1.06693
1.876374
2.224796
2.199758
1.552872
1.116411
1.004287
2.408623
0.998077
1.25632
1.240936
1.213229
1.713136
2.223536
2.208366
2.394136
1.057576
1.064043
2.117114
2.946133
1.236788
1.218982
1.073882
1.194835
2.110399
1.260311
0.900889
1.030032
0.980928
1.68818
2.96732
1.145247
3.126279
3.253835
1.026784
1.170862
0.905483
1.169949
1.028879
1.923317
1.122508
2.381808
3.378545
2.26861
1.020481
1.032454
1.215965
0.962633
0.983056
1.088304
1.022421
1.129331
1.060882
1.387782
1.597033
1.096104
0.936858
0.890909
0.98095
2.366436
1.157258
2.092537
0.931379
1.208468
1.389855
1.907427
2.579026
2.565074
0.977286
1.196986
0.932625
1.15957
1.178479
0.827271
1.132847
0.926821
0.961469
2.435569
1.242956
1.262137
1.040665
1.150291
1.129462
1.000544
1.226004
1.045597
1.233227
0.992086
1.223481
3.296968
2.406391
2.42174
2.478229
2.040534
2.015088
2.313028
2.360444
1.312383
0.942573
2.021413
1.211904
1.464579
1.961892
0.841821
1.024336
0.998381
2.780789
2.144614
1.674414
1.022291
0.980334
0.980974
1.243794
1.395885
0.931025
1.238523
0.99508
1.416692
1.332111
1.169943
1.253891
0.885824
0.951942
2.218677
1.864608
3.414176
1.312542
1.198928
3.162352
1.124654
1.228692
1.103858
0.93643
1.114334
0.943194
1.377606
1.035941
2.428378
2.230601
1.015288
1.225517
1.226148
2.473237
0.893008
2.038992
3.284951
0.964896
1.25532
1.126699
3.215271
2.307886
1.197665
1.013325
1.264878
0.88162
1.93222
1.227526
0.930893
1.262756
0.995403
1.094565
1.128059
1.208943
1.01849
1.176032
3.139553
2.769246
1.680514
2.183742
2.158093
1.097254
1.209739
0.941527
2.350486
1.186303
1.182195
0.97035
0.921206
1.21261
1.369925
2.170777
2.250023
2.245075
2.251194
1.952729
1.019827
1.303335
1.055934
1.076367
2.223805
2.157545
2.225418
1.429525
1.093947
0.950421
0.931085
0.911744
0.985447
3.180556
0.876351
1.282209
2.280627
2.636403
0.94972
1.063034
1.050071
0.957686
0.875014
1.017559
1.224752
1.458052
1.051963
2.270781
2.566101
1.111213
1.239045
0.987717
0.816599
1.129881
0.948451
0.845112
1.242619
2.933517
1.217271
1.150396
0.974053
1.144477
1.404852
1.524746
2.417215
1.910257
0.922428
0.937558
1.12667
1.925073
1.371648
0.939519
1.115859
1.188706
1.081581
1.30405
1.332399
1.056801
0.951605
1.094789
1.717904
2.680772
0.916648
0.993605
0.906871
1.019113
0.983351
1.226881
1.054492
0.920518
1.23334
1.346063
1.175447
1.569407
1.145784
1.281495
1.105845
2.265709
1.21875
1.325511
1.830179
1.004662
2.659198
1.688236
1.001343
1.235529
1.181601
0.914282
1.147862
0.895914
0.930753
0.982128
0.805727
0.870042
1.738907
2.937441
1.640094
2.122098
2.277236
1.508917
3.012046
1.258834
1.947364
2.869078
2.031172
1.815519
1.216509
1.023464
0.947842
2.304925
1.089558
2.115988
0.970824
1.894877
2.186989
1.060179
1.229725
0.987418
1.215952
1.175279
1.086322
1.123042
0.938531
1.051478
0.930175
1.002299
0.91374
2.280119
0.929857
3.196614
2.258814
2.123509
1.42779
2.724093
1.00478
0.908525
0.854302
0.959497
1.201475
1.21303
2.191149
1.465972
1.725775
1.929769
2.284154
2.220475
1.067208
1.001626
1.273636
0.989466
2.167671
2.277259
1.372256
1.295119
1.98398
1.254598
0.907628
2.772778
1.167256
0.908908
0.913234
1.034014
0.958178
1.197531
1.328615
0.956118
1.292916
2.25173
0.890456
3.276964
1.275009
0.955881
0.948623
0.948791
1.017494
1.063485
1.145911
1.289394
1.311668
0.981801
1.053673
1.960965
0.947324
0.933449
1.18349
2.569599
2.34522
2.269241
1.802281
1.549064
1.829618
1.181058
1.427056
3.124802
3.332833
0.995446
1.019096
0.928716
0.904083
0.924708
0.904863
0.873543
0.906182
2.183496
1.79561
2.26874
0.982328
1.184304
0.837537
0.982826
1.280435
0.933353
1.281085
1.173772
1.084973
1.226433
1.138428
2.802789
1.153655
1.808312
2.202518
3.1406
2.274026
1.080345
1.160953
1.184631
1.281485
1.069806
1.199538
1.986081
2.248482
1.019985
1.013938
0.973386
1.71474
0.905109
3.088085
3.200863
3.203577
2.079786
1.188072
1.082089
2.349896
1.155636
0.970637
1.163034
1.285679
2.898732
2.448224
1.479497
1.254907
2.278885
1.174701
1.028751
0.847888
1.263768
0.906129
0.857666
0.951474
0.956427
1.142029
1.100051
1.223956
0.971064
0.910213
2.581827
2.210743
1.218641
0.95318
0.946614
2.182984
1.766443
1.48274
2.15703
2.190199
2.273691
2.439231
3.111752
1.692205
2.323201
1.241463
1.208747
2.218703
0.98084
1.110759
1.08918
1.141548
0.987319
1.215692
2.200819
1.176233
1.057148
1.124727
1.292002
1.224325
0.964599
1.157782
1.012324
1.034495
2.506539
1.939843
1.479175
1.125962
0.932434
0.99298
0.931529
1.134949
0.888376
0.84987
1.196267
1.126505
2.204756
4.161241
2.218388
0.905249
1.125593
1.027765
0.839409
1.119914
1.196145
0.987498
0.996355
1.057368
0.894771
1.174338
2.006536
1.974477
1.119544
1.429316
1.514403
1.766399
1.08246
1.19712
0.963128
0.918068
0.879479
2.154348
2.107629
0.949002
1.22727
1.167256
0.97994
0.860957
1.286513
3.03462
2.973238
3.216971
1.018995
2.773265
1.190543
0.909828
1.208449
1.105218
0.936481
1.316658
1.185179
0.979215
0.972105
1.158543
1.073377
1.103032
2.219978
0.904562
1.59306
1.713717
2.578133
2.176856
2.276669
2.19191
1.219344
2.662517
2.781897
3.317077
0.964812
0.888457
0.891831
1.098787
2.184301
2.509243
3.132213
1.268467
1.080548
0.853078
1.261029
1.090702
1.231354
1.130343
1.251935
1.035209
0.93536
0.895434
2.43964
2.244681
2.508107
2.284825
0.909054
2.310958
1.029881
1.003446
1.238991
1.199571
1.146416
1.060711
0.985951
1.209043
1.080055
2.717067
3.184296
2.659154
1.675813
1.000298
0.983376
0.991888
1.134945
0.88439
1.056745
1.221081
1.064767
1.086172
1.270048
2.484079
1.616262
0.996656
2.340493
1.109745
0.916623
0.963746
0.866853
0.980314
0.992229
1.056705
2.368422
3.079454
1.561638
2.996633
1.025291
0.904978
0.892521
0.982229
1.022982
1.109772
1.02336
0.911381
1.294783
2.257577
0.979293
0.844196
1.259652
0.982763
0.950038
1.337844
1.128496
1.204151
0.898612
1.012549
2.242745
1.758588
1.411267
3.187805
2.13068
2.227926
2.241144
1.53007
0.844516
2.300015
1.154946
1.389328
2.364426
1.058113
1.039146
1.260438
1.178413
1.907373
2.331115
1.012694
1.672035
1.056964
1.158533
1.14073
1.963807
1.209352
0.913095
1.041609
1.342334
1.172075
2.495606
1.563791
1.396937
1.140815
1.211864
0.863667
1.401151
1.154533
0.923756
0.947879
0.930164
1.055969
0.98337
0.981331
0.904511
0.896579
1.908913
2.795804
1.799221
1.673276
2.180766
1.238582
0.980084
0.946902
1.230681
1.03604
0.941859
1.001383
0.988185
1.783487
1.776973
1.709183
2.2209
1.203832
1.664014
0.808767
1.392083
0.908745
1.184822
0.959028
2.501801
2.210844
0.928439
1.082572
1.514513
1.172906
1.03225
1.01494
0.995654
1.039616
1.299143
1.116297
0.990076
2.239989
2.534798
0.974156
0.921571
0.940927
0.8813
1.509865
0.966957
1.127662
1.165515
0.990026
2.171011
3.244451
2.047812
1.626528
1.987248
2.281692
2.278068
2.341596
1.505145
2.078342
0.891486
1.018135
1.152018
2.67285
1.064977
1.099782
1.203542
2.316561
2.187769
2.96706
1.161268
0.831749
1.204978
1.061867
2.412803
2.239502
1.058837
0.923876
2.286809
2.217776
2.45331
0.934925
1.109553
1.202469
0.922717
1.162925
1.224769
1.225911
1.29837
1.182592
0.933371
1.192404
3.23301
2.670557
2.307587
2.263917
0.902511
1.268702
0.921644
1.013131
0.931258
1.116728
2.116663
0.912325
1.229983
1.002629
1.006047
1.212864
1.964305
1.808055
3.17339
2.218505
1.002345
0.862852
1.21411
1.089727
1.346607
1.143436
0.913852
1.085346
0.965232
1.032112
3.612376
2.226907
3.155611
2.385405
1.727981
0.87978
1.136582
1.053526
0.995614
1.256037
1.103969
1.042553
1.047592
1.464327
1.082776
1.207022
0.994009
1.011943
0.880042
1.752909
1.374583
0.933119
1.130284
1.045452
2.330664
3.610675
2.546367
1.69019
1.315704
3.133219
2.260764
2.348971
2.107138
1.345588
1.410186
1.059463
1.128479
0.926802
2.510181
2.205926
2.240783
3.142176
1.215087
1.184381
1.094992
1.054569
0.964614
1.208164
1.040144
2.259582
1.17801
0.997024
0.994512
2.368692
2.50002
2.887256
1.868039
0.982524
1.200509
1.002857
1.396449
1.022436
1.189346
0.958365
1.120865
2.279761
2.28764
2.161547
1.357727
0.972117
0.912449
0.991566
1.903387
0.999526
0.966364
1.235334
0.895622
1.260578
2.141087
1.296948
3.192773
1.123526
0.865121
0.994149
0.880639
2.014137
1.179349
1.184662
1.384274
1.245822
0.881882
1.206765
0.914933
1.069559
1.048151
1.075676
1.782681
2.235287
0.988526
1.075515
0.867747
1.478459
1.118747
2.690879
1.074571
3.12495
2.959501
3.166593
1.479624
1.536517
1.456227
1.093719
1.027027
1.016806
1.054022
1.022238
1.119368
2.261148
2.184012
1.884267
2.459057
1.074387
0.908862
1.325904
0.961719
1.213476
0.948684
1.281959
0.946466
1.138793
1.981657
2.91704
0.976711
1.175081
0.948917
0.93609
1.062184
0.931767
1.077504
1.147035
0.9211
1.205862
0.948764
1.170007
1.594443
3.300781
1.226079
3.133395
1.836455
1.225053
0.91757
0.875471
1.07171
1.03535
1.116305
1.406788
2.247689
0.885055
0.985759
0.978599
1.684712
1.066221
2.388717
2.577258
2.521006
1.257537
1.364866
1.059683
1.056739
1.570253
1.211491
1.284767
1.144159
1.046072
0.976893
1.045454
1.028606
1.003817
1.151503
1.24138
1.031031
2.085657
2.800262
2.196972
2.638401
1.977127
1.110599
1.738871
2.122168
1.005072
0.9538
1.17118
1.979652
0.963503
1.107533
1.194056
1.130233
1.083913
2.260852
1.460553
2.300315
0.948172
1.245967
1.251236
1.656135
3.733116
1.493614
1.023735
0.908565
0.926456
0.923397
1.136116
2.143231
1.062503
1.035244
1.053731
0.93566
2.233469
1.939192
0.931047
0.815545
1.025371
1.030617
1.288577
1.221581
1.537911
1.277538
2.866353
1.248413
2.268217
0.896023
1.31413
0.82101
0.965607
1.196207
0.997323
1.124243
1.01919
1.05205
0.944696
3.129592
2.172334
2.208596
1.215089
1.957423
2.151142
4.212064
2.298529
1.221521
1.026003
1.006261
1.227297
0.966809
2.161711
1.242211
1.227336
1.189248
0.930588
1.408281
2.371945
3.040217
1.748205
2.300195
1.683115
2.447001
2.15224
0.972043
1.025677
1.028699
0.925903
0.948129
1.028525
1.0013
0.914417
1.078286
0.947071
2.055807
2.922578
0.913683
1.071352
0.896917
1.685677
1.291212
3.168737
2.428924
1.753339
1.304496
3.070919
2.925331
3.214472
2.32914
2.349951
1.175773
2.177054
2.179183
2.66285
2.618271
1.1319
0.836725
1.128903
1.189981
2.281683
0.965567
1.111576
0.92564
2.056616
2.451697
1.259839
1.404516
2.263359
0.912417
1.132872
0.84257
2.179949
1.175486
1.154378
1.538976
0.916873
1.053346
1.031887
1.000256
1.179218
1.119859
1.285199
1.867621
2.52241
0.932092
1.084096
1.268714
0.990177
0.864248
2.163467
2.238452
0.927195
0.984846
1.216999
0.997724
2.05781
1.202404
0.998316
0.934679
1.11152
0.969417
1.2016
1.191816
0.942709
0.922348
1.18346
1.114198
1.91387
0.984477
1.022027
1.08903
1.125743
0.984074
1.148335
0.958674
1.20832
0.892396
0.950034
1.182264
2.212776
3.496753
1.424191
1.002399
2.228987
2.827281
2.183692
2.057637
2.214186
1.232658
0.969047
1.196907
2.241299
1.075687
1.163706
2.721251
1.361465
1.37046
1.43522
1.056052
0.845886
0.928255
0.962809
1.427905
1.079662
1.123593
0.968091
1.430605
2.27891
2.258286
2.102373
1.175553
0.90853
1.286647
0.99719
1.108496
1.425779
0.993902
1.388158
2.419349
2.988138
3.066684
1.160403
1.192659
0.906496
1.217735
1.051051
2.120647
2.979384
1.263906
1.693386
1.145083
0.981359
1.116438
1.085081
2.274977
1.577929
2.950879
1.831683
0.984365
3.210916
1.951947
0.97061
0.855284
1.114491
2.444233
2.975472
2.046741
1.196837
1.992615
1.128462
0.91674
1.241173
1.259424
1.011366
0.99998
0.845969
0.946682
0.884403
0.976428
0.877811
2.218308
2.062107
1.139225
0.905628
1.151276
0.82891
1.025095
1.214106
2.865429
2.528024
2.297696
2.032496
3.336722
1.413714
1.364038
2.883445
2.191188
2.51201
2.270032
0.834688
0.931814
0.899398
0.983179
2.473576
2.102073
2.36763
1.04715
0.849026
1.236467
1.124072
0.954563
0.937275
0.97315
0.928702
1.280081
1.044511
3.234148
2.070928
1.651753
1.203204
1.385465
0.921621
1.108739
0.813685
1.080643
0.897201
0.923451
0.829849
2.355993
1.225656
2.493552
2.1832
1.183607
1.095721
0.887509
1.217867
1.025279
1.08242
1.150089
2.61774
2.020461
2.214786
2.223987
1.442587
1.318444
1.044894
0.838292
1.162526
0.928913
1.241372
1.049402
1.034034
2.127838
1.467314
1.235069
0.933106
1.169649
0.993802
1.198002
1.960036
2.222948
1.029851
2.992841
1.019945
2.201984
1.096303
1.12357
1.114259
1.036552
2.76403
2.312538
2.188657
2.080924
1.190709
1.101545
1.14224
1.648294
1.141903
1.16092
1.231903
1.092175
1.104999
1.025665
0.982698
2.071366
1.930468
1.330674
2.18109
2.193099
1.151461
1.205318
0.961159
1.005585
1.292438
0.838239
0.943195
1.126512
1.246796
2.09005
1.272557
2.72279
2.392978
1.176333
0.92028
1.122753
0.977302
1.128522
0.983139
0.870128
1.169662
0.872381
0.943031
2.10509
2.188285
2.430742
1.244942
2.503683
1.126662
1.138887
0.9722
1.01675
1.217554
1.255612
1.237423
2.154478
1.075441
1.94072
1.273049
2.282556
1.77427
1.351728
2.484687
1.176757
1.287858
0.962409
2.12159
2.050251
0.91393
2.187908
1.281181
1.28961
2.252207
1.888448
0.928803
1.197973
1.264667
1.194861
1.194751
1.283641
1.106117
0.906521
1.002814
1.062703
0.907244
1.172059
1.105764
1.671363
1.152658
1.042612
2.758827
1.229385
2.239467
1.705745
1.026666
2.323534
1.813126
0.972626
2.05931
2.561956
1.273967
2.263529
2.158697
1.249522
1.189876
1.023589
1.195914
1.789961
1.239953
2.67414
2.330631
0.878725
1.030438
1.205091
1.053342
1.212386
1.215659
0.92426
1.114227
1.184876
0.989788
0.852894
1.554609
2.246176
3.161967
2.671364
2.237785
1.066838
1.228229
1.071057
0.877835
0.938455
0.83294
0.915693
0.978445
1.03539
0.939661
1.133953
2.202667
2.223546
2.039573
1.472117
1.603857
0.950039
1.108923
1.018378
2.494704
1.771993
2.760306
2.151011
1.015329
0.92182
0.945329
1.107015
0.947093
0.956159
1.124469
0.952556
0.948111
1.142595
0.974577
2.981645
0.99546
1.179039
1.285007
1.161223
1.168438
0.970149
1.954852
1.232409
1.072025
1.900052
3.249014
2.780855
1.116484
1.662072
1.093576
1.196177
2.80256
1.011844
1.01575
1.23092
1.230775
2.679798
2.134584
0.889666
0.997415
1.037022
1.149372
1.2035
1.265114
1.274782
1.081308
0.99345
1.192968
1.029245
1.209958
2.18087
1.01165
1.152613
1.205807
2.429262
0.928668
1.157194
0.945408
1.215092
0.89359
0.950455
2.082052
2.17157
1.157946
1.152195
1.73205
2.311738
2.904072
0.969556
0.971134
1.25785
1.144038
1.083034
1.299653
1.20722
1.248731
1.115292
0.979587
1.155552
1.149918
2.657359
1.460196
2.16704
1.740182
1.00349
2.170837
2.107286
0.940323
1.242545
1.042396
1.19783
1.103439
1.215372
1.330468
1.021276
1.251543
1.648797
2.709763
2.899704
0.979367
2.908102
1.000973
1.85903
0.862997
1.184969
1.146346
1.313026
1.241818
1.014621
2.140047
1.201488
1.168078
1.042634
0.914793
1.048781
1.224178
1.050288
0.978511
1.002138
1.186579
1.861538
1.9246
3.397665
2.486245
1.690145
1.12511
1.546943
1.919334
2.134429
2.248589
1.209559
1.872224
1.231927
2.023213
2.031423
1.119503
1.438974
1.50477
2.478216
3.722173
1.597967
1.429493
1.35908
0.858557
1.12452
1.252049
0.95705
1.104709
0.971992
2.841889
1.276798
2.030188
1.710576
0.968191
0.9966
0.951018
1.123935
1.234966
3.16019
0.990055
1.528478
2.363902
3.260228
2.956224
1.285037
1.079273
1.156319
1.296143
1.04935
2.003881
1.122083
1.135694
1.224147
1.237211
2.559178
2.146766
2.215936
2.356363
0.98496
1.096822
1.287831
2.202579
2.984086
0.949003
1.196081
0.818789
1.220103
2.325715
3.130712
1.72282
1.28022
0.898419
1.209982
1.009378
1.341119
1.178269
1.23796
0.948267
1.023372
1.052514
1.203946
0.858047
1.170665
0.927504
1.016073
2.371433
1.16862
1.36108
0.976301
1.066977
1.237918
0.95928
2.976815
2.272612
1.823276
2.828742
2.048498
2.139687
2.534922
2.992142
1.319001
2.241935
3.017056
1.834791
1.410439
1.121678
1.189466
0.9348
1.029197
0.940567
2.517177
1.075322
0.982831
0.793357
0.993607
2.86189
2.103523
1.453146
2.382082
2.377404
1.99447
3.079226
2.015687
0.936367
1.222342
0.965363
1.1841
0.921397
2.596719
1.115515
2.377818
1.49731
2.03698
1.130493
0.849887
1.109565
1.143385
1.752558
2.34982
1.539347
2.038427
0.95972
1.111757
0.999845
0.930366
2.1861
0.780476
1.336009
1.21441
1.042617
2.29024
2.323547
1.918441
0.983698
0.947633
1.148135
2.253695
1.983858
1.210843
1.074065
1.27196
1.220317
1.035491
2.409188
1.880156
0.936972
1.23262
0.976147
1.142877
2.22683
0.993135
1.057311
0.953506
0.992677
2.087459
0.901625
1.22363
0.955257
0.99275
1.197537
2.152083
1.307548
3.078878
2.083928
1.190908
1.088833
0.990601
1.132201
1.01797
2.183335
1.256241
0.966922
1.18688
1.620697
1.270184
1.30711
1.11432
0.950416
1.318757
3.242126
0.805521
0.933178
0.919568
1.238874
2.216498
1.247312
0.951446
1.31199
1.08883
0.937581
0.939158
1.208388
1.181396
1.227183
1.237232
0.992971
1.191065
1.499471
2.310889
0.982494
1.033014
0.970667
1.189088
1.125702
1.247644
1.06493
3.166725
1.177211
2.418123
2.770178
1.037607
1.299621
1.253092
0.968412
0.949117
0.988047
0.926234
1.221078
0.947057
1.14671
1.8311
2.285089
1.051199
0.983409
1.175036
0.910518
0.948169
0.943576
1.027354
1.110467
0.84889
1.084016
1.144604
3.168662
0.884878
1.378797
1.21584
0.980417
1.017573
1.20146
2.276041
1.080549
2.516306
2.07449
2.247637
3.034483
1.152825
1.248085
2.851237
2.057242
1.100271
1.873688
0.941625
0.947217
1.023711
1.042715
1.221289
1.339771
1.250028
1.129007
1.219542
1.223635
1.390609
1.360061
1.045103
1.280502
2.993272
2.159066
1.414065
3.242913
1.077138
0.964593
0.915135
0.90148
1.252811
1.237681
0.986771
1.15447
1.299518
1.250889
1.254212
2.159957
2.560263
2.00072
2.624603
2.206099
1.755328
3.044843
1.103772
1.066753
1.043269
1.397574
1.294009
3.57552
0.985522
1.097364
1.150713
2.144269
1.134119
1.077182
0.989814
2.43561
3.22164
1.024972
0.964732
0.998493
0.985478
1.153865
0.89806
1.146108
0.924893
0.912935
1.346825
1.126138
1.191534
0.953136
2.078659
1.024464
0.938467
0.947575
1.085053
1.211266
1.313189
1.079699
0.918107
1.17585
1.198298
0.975028
2.770586
2.59296
3.184443
2.378381
2.377286
2.256728
2.117132
3.125437
1.392597
1.580869
1.244149
1.245272
1.002635
1.342845
1.155147
0.94825
1.352145
1.228753
1.279113
3.04323
1.431194
2.242601
1.993567
2.27638
1.240151
1.069073
0.977015
1.054373
0.996926
1.232345
0.901829
1.016843
0.94022
1.026747
1.716596
3.105529
2.234811
3.483029
4.121545
1.007435
0.883753
0.985543
0.81249
0.88535
1.264766
1.154327
1.16381
1.238251
1.027364
3.143014
3.239045
1.128621
1.559346
1.288818
1.229596
2.927127
2.12844
2.805799
0.997619
2.041174
1.160019
1.252827
1.15618
1.186981
0.857713
0.973898
1.1311
1.100735
0.957399
1.237144
1.237441
1.157459
1.694087
1.331529
1.15927
1.247127
3.068152
2.619379
2.094832
1.386818
1.401277
1.374566
2.065222
4.134297
2.225042
1.201178
1.019148
1.008361
0.919446
0.900155
1.191086
0.975051
1.101182
0.938772
0.899441
2.040356
1.130937
1.140539
1.240121
2.564995
1.207782
2.442538
0.923985
1.251916
1.140244
1.343458
2.395169
1.602606
2.203265
0.97792
1.156624
1.197562
1.270402
1.286865
1.210128
1.147645
1.126194
1.040229
0.920857
2.326083
2.173364
2.175677
2.213409
0.913789
1.106989
1.006017
1.067892
1.164532
1.008832
1.181922
1.248572
1.185765
0.942444
2.902417
1.294304
1.833513
1.357538
0.896319
1.022815
0.902506
0.966403
1.000759
1.586887
0.790372
1.222184
1.228388
1.051606
0.863502
1.161623
1.151181
0.854573
1.113101
1.206477
2.236459
2.112284
1.542904
2.22467
2.818815
2.573973
1.99772
1.07719
0.88936
2.15956
1.072044
1.034691
1.052873
0.918279
2.138228
2.450493
1.130028
0.96176
0.834896
1.216654
1.248027
2.388668
1.799867
1.245407
2.232126
1.085164
1.980555
1.228805
1.182084
1.369475
0.92994
1.120216
0.97783
0.994916
0.942737
1.521882
2.0167
3.377144
2.246848
1.136876
0.902741
0.9755
0.9148
1.139036
1.129631
0.933938
0.919031
1.053032
0.908957
3.688151
2.991659
1.235231
2.053799
1.128629
1.298021
0.947109
1.140022
0.973505
0.95072
1.016863
1.248941
0.922566
1.208527
2.5449
1.92783
2.469875
0.953454
1.032419
0.964099
1.199364
0.882137
1.009897
1.231885
1.209339
1.19757
1.137909
1.04412
0.968061
1.193116
1.216168
1.115993
1.136913
1.007046
1.009868
2.160454
3.656455
1.170327
1.78011
1.188271
1.102323
1.783619
3.306632
1.247979
2.601148
1.003436
2.369667
1.073633
0.977055
1.368269
1.078154
0.93833
1.227839
1.943472
2.081761
1.207481
1.22076
1.090762
1.105058
1.14852
0.972083
1.316488
1.095338
0.933425
0.883668
1.089023
1.279093
2.046589
1.390368
1.310856
1.037545
0.989871
2.43859
2.155212
0.920923
1.104635
1.134942
1.092854
1.195
1.179481
1.055221
1.229531
1.617575
2.27225
2.29463
1.969923
1.000542
1.986051
1.034506
1.147804
0.944948
1.126122
1.039366
1.026752
2.774535
2.278782
2.280092
2.264848
1.011274
1.288811
1.121987
1.056152
0.968478
0.885499
1.179641
0.952396
0.953201
4.211432
1.659357
3.170701
0.827639
0.989357
0.993672
0.973752
1.056527
1.224413
0.934531
1.281008
0.944323
1.08779
2.133964
0.973253
1.29337
1.228951
0.95682
1.053679
0.868057
1.197074
2.952941
2.106886
0.941434
3.42376
3.703662
1.690447
1.994335
1.910219
2.090879
1.398754
1.47176
1.174989
1.148141
1.298035
1.026191
1.119446
1.02939
3.198214
3.207335
2.189864
2.289951
3.031635
1.215684
0.899725
0.891999
1.307906
0.999373
0.930375
2.382814
2.259832
1.188862
2.926387
2.18761
2.967649
2.454584
1.164431
0.978981
1.115228
1.076703
1.396049
1.139773
1.066843
0.977479
1.104119
0.924746
2.318449
1.929484
2.080227
2.866509
1.106079
0.973725
1.311241
0.998294
1.864607
1.100772
1.224891
0.925901
3.603391
2.046019
1.619403
1.299256
1.104813
1.151845
1.09272
2.396714
0.963382
0.857196
1.050002
1.02599
1.0357
1.282593
1.095655
1.837921
2.208791
2.111015
3.210739
2.410546
0.944726
1.242805
1.111211
1.228922
0.900675
1.074095
1.207919
0.986505
0.995638
0.966228
0.926862
1.22075
1.041367
1.057095
1.23337
0.933491
1.174859
1.302139
1.216621
3.245944
2.703455
2.172039
2.153199
2.727297
3.088113
2.368805
2.231424
1.486998
1.251277
1.046196
1.257743
0.974781
1.245781
1.05444
3.087668
2.175024
1.212663
0.967595
1.177014
0.955564
1.269663
1.079584
0.967835
1.13952
1.186887
1.287377
1.066259
1.1969
1.290788
1.123193
1.209301
1.108405
2.14718
2.35371
1.503765
2.941866
0.901701
1.011044
1.209756
2.0848
0.963297
1.211341
2.202203
1.968422
2.082852
1.63683
1.280434
1.21046
1.31535
1.17148
0.97479
1.638555
2.103419
0.947814
1.364724
1.028573
1.291093
1.036785
2.232421
1.347339
2.513531
2.304695
2.174632
3.060148
1.623012
1.169574
1.301755
1.25428
1.266645
1.145089
1.221523
0.880849
0.970869
1.129083
0.913777
1.1094
1.74791
1.995729
1.241411
2.188268
2.278742
2.225234
1.238817
2.22903
2.46921
1.820027
2.205626
2.152682
1.704421
3.226593
1.258675
1.212603
1.169417
1.172309
2.122821
1.993784
1.172522
1.002381
1.244658
2.26542
1.410146
1.074061
1.194698
1.07042
1.184196
0.947161
1.192445
1.227906
1.261814
1.072467
1.473716
2.248179
3.035221
2.019524
2.214022
0.926004
0.981548
0.996243
0.995706
0.824448
1.258779
1.040988
1.029124
1.980682
2.26614
1.051965
1.905056
2.494622
1.618331
2.153264
1.384696
0.862973
1.040406
0.925829
0.976425
1.691918
0.945881
0.895227
0.925259
1.8371
3.116859
1.420322
2.338009
2.425526
1.254894
1.418197
1.210667
0.914816
1.2145
0.954345
1.072183
1.020864
0.974063
1.147751
1.272021
1.218689
1.00061
1.144726
1.272842
1.998714
1.134951
2.264883
2.130606
1.955724
1.357676
1.344048
1.916647
1.229114
3.318298
2.454496
1.402538
1.090406
1.433351
0.994634
1.129396
1.043809
1.290834
0.963
1.153537
1.240066
1.401687
2.504116
2.114612
1.489885
1.769613
0.876426
1.081823
0.89776
1.234569
1.285791
0.994872
0.950081
1.125231
0.969986
1.08961
0.999831
1.117613
1.015069
2.107456
1.055614
0.93861
2.615619
1.129342
1.275915
1.714729
1.006843
1.059519
3.207363
2.300466
2.205846
2.921911
1.936291
1.164161
1.226534
1.014704
1.102687
1.244146
0.965902
1.041437
1.042525
1.443819
2.91864
1.297458
1.350086
1.260788
1.126557
1.023597
1.064042
1.188084
1.081873
1.296766
1.192483
1.138595
2.187396
1.11512
0.96553
1.212043
2.031626
2.177397
1.135938
2.826336
2.073424
2.609348
2.351499
2.507968
1.221978
1.173094
1.333219
1.178802
1.086921
0.983318
0.93172
0.993884
1.320254
0.960551
1.68982
0.961706
1.133013
0.915298
1.788118
2.60847
3.073687
1.123467
1.250621
1.16799
1.051477
1.959921
0.935169
1.003796
1.095765
1.121488
1.053671
2.321951
1.92284
2.028858
1.167521
0.990305
1.054055
1.053691
2.053063
1.109041
1.147698
1.220821
1.314833
0.889999
1.235856
2.134154
1.166797
1.68704
1.398201
1.543244
2.151928
1.143037
0.987131
0.984304
0.998223
1.194145
1.170705
2.660669
1.380912
2.983545
0.992694
1.220669
1.630828
1.066747
1.031992
1.023986
1.023195
1.264663
1.424814
1.051479
2.413631
2.227902
1.158775
1.174113
2.982062
1.179986
1.142747
0.991356
1.295696
0.833472
1.170429
1.178339
1.177655
1.105262
1.172495
0.95797
2.217866
1.181901
1.093685
1.06681
1.185002
0.991316
0.910273
0.890071
1.095464
1.712461
1.897534
1.586033
1.64835
3.445596
1.296332
2.183818
2.003788
1.230722
1.233687
1.290754
1.198803
1.216114
1.267232
0.988769
1.667368
3.428078
2.798648
0.990071
0.900863
2.204101
1.001531
1.169728
1.36215
1.060619
1.235418
1.045082
2.115445
1.209627
1.212196
1.153622
2.438305
1.051072
1.148977
2.249194
1.129609
1.237806
0.971024
2.397611
1.14753
1.15408
0.968597
1.064448
0.992123
1.129197
1.32228
1.007874
1.772589
2.197333
1.779112
2.20872
2.260195
2.211526
1.048733
1.059217
0.981326
1.074108
0.98231
1.017497
1.248768
1.108063
1.17802
1.990449
2.530295
2.718043
0.951433
1.011992
1.095786
1.001575
0.977792
1.319583
1.120978
0.943785
1.258645
1.239184
1.007714
1.136954
1.218416
1.160741
0.964346
2.342557
2.090612
1.200009
2.213311
0.980725
1.405519
2.896802
2.451611
0.983549
0.973026
1.016079
1.155303
2.21205
1.3764
2.220894
1.361392
2.048798
2.588412
2.307672
2.752329
1.040612
1.190559
1.121975
0.999126
1.127772
1.004047
1.194949
1.101176
0.999408
0.941171
1.009079
2.175401
3.410777
1.055675
0.792413
0.89114
1.161182
1.928232
0.946387
0.943873
1.053972
0.958467
1.186475
2.220632
2.261753
0.948873
2.208291
2.303665
2.997606
2.20976
1.229627
1.361254
1.167464
1.01162
1.013632
2.075924
1.583071
1.320338
0.974633
1.017573
1.108732
2.173901
2.53476
2.691581
2.118336
2.535209
1.172311
1.355284
2.744163
1.21345
1.034147
1.049423
1.236266
1.235008
1.067225
1.297557
0.9302
1.106496
1.124855
2.10055
1.10701
0.944129
1.166845
1.100866
0.98533
1.573261
1.228833
3.260397
8.243053
1.995582
2.193968
2.592901
2.260999
2.706332
1.843903
2.130697
1.764908
1.02511
2.645156
1.204247
0.78979
1.261897
1.1062
3.066472
1.691171
2.760766
2.799698
2.319582
1.906
2.424865
1.114383
1.166882
0.962421
0.990398
1.225237
2.952525
0.926446
1.211742
1.189298
1.345468
2.592714
2.325368
2.163753
1.295531
3.268816
2.233871
1.22613
0.921983
2.211313
1.176473
1.9317
0.97854
1.117072
1.160775
1.181142
1.31428
1.01976
0.913456
1.226556
1.624136
2.541012
1.187794
1.297088
1.134569
0.935042
0.967556
