1.142735
1.141987
0.965465
1.477387
1.814387
1.180753
1.407469
1.325294
1.561241
1.316076
1.336292
1.549035
1.005003
1.477445
1.403436
1.21423
1.022737
0.910151
0.931226
2.069128
0.894698
0.959571
1.759412
1.22656
1.297808
1.444606
1.175145
1.488632
1.09076
1.565713
1.51085
1.02286
1.170983
1.518321
0.852376
1.170023
1.181364
1.313964
1.207295
1.122906
1.1998
1.448114
1.171554
1.097594
1.508552
0.984218
1.132879
0.824991
1.378402
1.241246
1.519398
1.572123
1.114898
1.35469
1.202265
0.909725
1.5409
1.109728
0.937403
1.246728
1.694296
1.10482
1.543756
1.154177
1.434218
1.197068
1.33281
1.050851
1.865352
0.949125
1.536422
1.448224
1.196538
0.860785
1.156551
1.532823
1.278717
1.124985
1.321061
1.816684
1.114232
1.140864
1.241586
0.998096
1.172798
1.273944
0.950965
1.052947
1.931432
0.823863
0.998392
0.907224
1.551451
1.236914
0.993097
1.488654
1.167476
1.320156
0.956995
1.141766
1.294673
1.501703
1.432452
1.098165
1.555709
1.208078
1.027457
1.033508
1.241225
1.071274
1.460564
1.236962
0.953083
0.966549
1.261593
1.039475
0.925297
1.365596
1.021722
1.263556
1.059343
1.328398
1.320613
1.705346
1.500625
1.287442
1.236433
1.045335
1.100824
1.59207
1.536538
1.307159
1.041518
0.853815
1.358578
1.267827
0.952408
1.03213
1.111997
1.115899
1.494552
1.431916
1.220517
1.236948
1.538772
1.276835
0.901887
1.709277
1.119736
0.988509
1.313029
1.268422
1.200725
1.943185
1.481315
1.556895
1.544349
1.251591
0.93798
0.932584
1.15862
1.395491
1.066535
1.206705
1.000344
1.859289
1.765467
1.582805
1.828146
1.433512
1.09324
1.444533
1.061178
1.156104
1.211922
1.268917
1.128893
1.056824
1.467738
0.989962
0.96067
1.288615
0.965795
1.189758
1.441239
1.677647
1.528966
1.018145
1.216849
1.714967
1.040703
0.985862
1.267743
1.113715
1.195478
1.003807
1.269708
1.066087
1.423093
0.971795
1.358377
1.25464
0.944684
1.041942
1.410307
1.341882
1.53525
1.166257
1.833466
1.238516
0.898157
1.518396
1.563789
1.242574
1.148871
1.100792
1.321564
0.980515
1.229044
1.456547
1.042801
0.988075
1.498684
1.362051
1.26594
1.351035
0.92611
0.908533
1.526239
1.295868
1.19914
1.039812
1.137999
0.962744
1.213541
1.583085
1.257001
0.959978
0.960991
1.329589
1.245445
0.947417
1.625008
2.061428
1.0475
1.13501
1.067056
1.52689
1.179128
1.808913
0.905594
0.97644
1.32751
1.638079
1.339424
1.041231
0.896536
1.090635
1.289155
1.074265
0.887807
1.080949
1.340671
1.966793
0.846916
2.052439
1.049951
1.499231
1.541852
1.203733
1.28421
1.039375
1.265663
1.302014
1.442389
1.027538
0.898938
1.01238
1.24948
0.801046
0.936683
1.254259
1.206366
1.110389
1.455226
2.257541
1.347966
1.212523
1.823702
1.152653
1.060736
1.253531
0.88204
1.910091
0.998337
1.259987
0.809027
0.878372
0.897527
1.450457
1.287753
1.272597
1.64091
1.415622
0.986705
1.375993
1.060525
1.082454
1.214396
1.541533
0.958334
0.982322
1.135224
1.548638
1.163959
1.344225
1.002789
1.155333
1.633871
1.345783
1.11178
1.059788
0.983357
0.944515
0.941302
1.126135
1.653533
1.338432
1.417337
1.27527
1.010574
1.35092
1.019854
1.469515
1.185043
0.94322
1.189237
0.969626
1.360462
1.623707
1.052145
1.04035
1.067546
0.985858
1.032828
1.025984
1.869154
0.9432
0.91426
1.239092
1.865681
1.075574
1.10095
1.324027
0.873868
1.512122
0.971716
1.075674
1.577277
1.618748
0.781606
1.073564
1.133965
1.257061
0.983296
1.613738
1.584037
1.203111
1.193808
1.442836
1.244553
0.997499
1.184914
1.174131
0.962619
1.177271
1.143584
2.31961
0.873024
1.531566
1.241674
0.957427
1.069708
0.974917
0.840897
1.246407
1.074021
1.593422
2.222921
1.043473
1.642518
0.967545
1.504413
0.9611
0.938481
1.554107
1.172462
0.999799
1.199111
0.78927
0.917357
1.328275
0.931816
0.908807
1.410679
1.607899
1.477853
1.159902
0.944864
1.277774
1.037042
1.523436
0.933624
1.086312
1.172949
1.061304
1.02289
1.166449
1.160024
1.177479
1.189767
0.993157
1.003756
1.06636
0.929266
1.010752
1.506267
1.214298
1.795715
1.861182
1.300011
1.341869
1.049427
0.9824
0.898465
1.441903
1.226272
1.142223
0.979016
1.069706
1.065835
0.913792
1.443364
0.989185
1.562901
0.95842
0.907321
1.46691
1.536297
1.490625
1.585813
0.867041
1.013314
1.395924
0.982491
0.949914
1.011229
1.522822
0.967034
0.847503
1.280236
1.560981
1.556816
1.248537
0.914249
0.891192
1.107672
0.959621
1.244758
1.389816
2.096173
1.486138
0.950018
1.279359
1.542715
0.934058
1.281609
0.936527
0.979872
1.822092
1.044893
1.044278
1.194916
1.165875
1.266965
1.285949
1.204174
1.091803
1.726501
1.54802
1.249316
0.974623
1.088806
1.362504
1.404668
1.090635
1.192047
0.899954
1.343315
0.979091
1.114666
0.96711
1.051786
1.229405
1.2166
1.004034
1.447588
0.925628
1.251967
1.377998
0.979363
0.948219
1.019655
1.060553
0.920919
1.270001
1.585094
1.00894
1.742303
1.023077
1.168621
1.225748
0.987517
0.845897
1.532348
1.032537
0.903927
1.155784
1.251318
2.26472
1.036632
1.072369
1.410874
1.030776
1.222565
0.980188
0.757352
0.893068
1.258647
0.984236
1.451557
1.056748
1.120112
1.2337
1.095518
1.244124
1.088593
1.011038
1.038405
1.754981
1.532545
1.002759
1.331606
1.274285
1.575356
0.865901
1.506989
1.940417
0.913252
1.037171
0.953883
0.8937
1.177248
1.271841
1.525182
0.938525
1.035785
1.92661
1.091281
1.069684
1.455768
1.017914
1.258057
0.82096
0.862341
0.988137
0.909781
1.023992
0.918432
1.069754
0.939503
2.145998
0.895829
1.35369
1.292348
1.0689
0.962412
0.967138
1.065896
1.581912
0.873208
1.184399
1.279536
0.938484
0.950839
1.282773
1.234232
0.926165
1.091647
1.48895
1.150494
1.248038
0.968261
1.187691
1.131114
1.35985
1.488247
0.983732
1.100279
1.925229
0.910452
0.949148
0.793626
1.06169
1.035052
1.931331
1.306764
1.304899
0.892008
0.884158
1.000382
1.047684
0.892938
1.469509
1.207657
1.162492
1.265862
0.966063
1.012406
1.022138
1.236566
0.861983
1.148941
1.031455
1.430953
1.422668
1.436576
1.812635
1.707435
1.058622
1.219752
0.954895
1.839825
0.913121
0.973623
1.001638
0.90466
1.102247
0.983801
1.046408
1.510477
1.277234
0.937875
0.958083
1.515023
1.268635
0.914094
1.364571
0.782217
1.682194
1.017416
0.814237
0.838074
1.003636
1.195696
0.823446
0.991468
0.88051
0.913854
1.206002
1.248595
1.004806
0.938545
0.917704
0.990387
1.325094
1.124537
1.225131
0.988191
1.319075
1.222974
1.058754
1.008781
1.13085
1.049669
0.891062
1.054036
1.26449
0.970007
1.688683
1.10059
1.23028
0.938492
1.127027
1.24746
0.941892
1.252595
1.346167
0.929588
1.348363
0.984091
0.986248
1.263111
0.931344
0.850837
1.374487
0.975875
1.170579
1.109089
1.478944
1.461861
1.517194
1.340894
0.945025
0.780031
1.458352
1.367275
0.887311
0.779355
1.130394
0.958437
1.419048
1.30012
1.430763
0.879428
1.180297
1.05868
1.101223
0.895154
1.518628
1.505482
1.032521
1.30641
1.480627
1.193662
1.625833
1.097152
1.0216
1.133506
0.88397
0.987991
1.149181
2.038362
1.251289
0.981545
0.95341
0.870464
1.083881
0.988603
0.994817
1.182942
0.898753
1.607586
1.136402
1.014797
1.333454
0.887173
0.924737
0.7947
0.883638
1.169389
0.944034
1.065132
0.812241
1.490828
1.593986
0.947889
1.232979
0.946215
0.911188
1.241518
0.905893
0.982096
1.082018
0.950529
2.015697
0.951283
1.165302
1.183598
1.108664
1.101437
1.120531
1.084952
0.934641
1.100084
0.919514
1.096679
0.893809
1.145932
1.072744
2.560013
0.908577
0.908866
1.396622
0.945883
0.924266
1.42943
0.959079
0.881422
1.455973
1.068997
1.292075
0.99
1.299553
0.933921
1.798216
1.619406
1.223251
1.150031
1.646372
1.413156
1.558731
1.317155
1.212344
1.034109
0.974323
0.971966
1.116271
0.901119
0.914963
1.090936
0.986646
1.180944
1.517346
1.051187
1.073974
0.880723
0.936384
0.942284
0.916607
1.054058
1.012259
0.979822
0.82754
1.799879
1.542245
0.851791
1.251438
0.917079
1.008759
1.10675
1.206583
1.148375
0.978978
1.505276
0.807909
1.486083
1.142636
1.095898
1.500958
1.022749
1.174976
1.179643
1.447447
0.931133
0.89595
1.233117
0.983642
1.499404
1.08234
1.035493
1.051381
1.229902
1.003195
1.337497
1.433849
0.859999
1.281941
0.945493
1.692361
1.084344
1.089117
0.891166
1.346197
0.885515
0.755849
1.155793
1.163298
1.024797
0.813447
0.894581
1.113583
0.931099
0.878026
0.927586
0.943305
1.505284
0.989557
1.159378
1.499132
1.801506
0.908694
1.023415
1.552611
1.098011
0.972821
1.074248
1.039694
0.850825
0.981612
0.928411
1.130625
1.012468
1.465433
0.887081
1.618772
1.264442
0.932915
1.029175
1.50614
1.082336
1.031341
1.251454
0.884865
0.935242
0.92689
1.436438
0.872608
1.223277
0.884084
1.054843
1.094137
0.796255
0.736659
1.374355
0.885105
1.446998
1.02907
0.878396
0.971772
0.820822
1.171291
1.219449
1.141905
1.189661
0.971674
0.915637
0.930783
0.928889
1.662455
1.512562
1.276872
1.098539
0.898878
1.078612
0.865546
1.535526
1.031654
1.258923
1.062569
1.233069
1.443803
0.97749
0.909988
0.918107
1.203551
0.945115
0.977326
1.121523
1.535366
1.00104
1.106451
0.956642
0.905222
0.930595
0.891295
1.023887
1.295675
0.865539
0.784939
1.657584
0.857956
1.131048
0.887206
1.535318
0.893942
0.831641
0.879036
1.050799
1.653336
0.92101
1.003039
1.207786
0.901881
0.851981
0.874639
1.036501
0.940556
1.866713
1.123641
1.786554
1.021598
1.126258
1.0918
0.969479
1.086212
0.928293
0.860416
2.150881
1.196855
0.920567
0.998315
0.800053
1.082995
1.085719
1.077768
0.948961
1.42258
0.814427
1.039181
1.164422
1.048062
0.862169
1.147693
1.000979
0.988118
0.906274
1.148593
1.003113
0.974777
1.40103
1.807537
1.540979
0.937836
1.420048
1.016486
0.912505
1.316506
0.941586
1.368017
0.941661
2.025969
0.975006
1.629233
1.071007
1.245448
0.983146
0.910279
0.905582
1.153853
1.35698
1.435681
1.03246
1.077745
1.055802
1.35795
0.917195
0.965726
1.239165
1.363843
1.012965
1.409447
0.828036
0.894519
0.948385
0.960466
1.113755
1.520625
0.971889
1.556837
0.910973
0.934547
0.883247
0.924492
1.344563
0.890917
0.919389
1.24967
1.037867
1.479672
0.88947
1.053571
1.110896
1.067988
0.972612
0.889196
0.961774
1.423621
0.954765
0.946542
0.857158
0.921156
0.929804
0.829027
1.483684
0.995242
0.950477
0.824127
0.825332
1.334559
1.751801
1.153473
0.742315
1.760176
1.005063
0.929616
1.197958
0.993991
0.956974
0.920538
1.020659
0.87601
1.664984
1.163386
0.906456
0.934455
0.930742
0.977611
0.901319
0.886972
1.077603
0.85561
0.849503
1.204318
1.651351
1.079222
1.237174
1.051102
1.105997
1.085569
1.452385
0.921675
0.684505
0.916966
0.844083
0.972356
0.911701
0.887449
0.887108
1.283408
1.04653
2.037184
0.767
0.87918
0.896174
1.608273
1.458755
1.073686
1.033489
0.980915
0.91037
1.034297
0.93747
1.414677
0.85207
1.061203
0.854131
0.97945
1.041936
1.041297
0.989804
0.843694
1.464255
0.860049
1.616438
0.827232
0.940452
0.988388
0.909381
0.964928
1.399627
0.849262
1.388014
1.417637
1.038639
1.417498
0.753546
1.032944
0.704242
1.060364
0.952696
0.881424
0.864137
1.878107
1.323129
1.301415
0.823764
1.407446
1.542166
0.774162
0.948684
1.366443
1.096501
0.871193
0.967293
0.917659
0.944375
0.882483
0.892553
1.071965
0.864658
0.918256
1.367715
1.573158
1.158798
0.853651
1.369942
1.043866
1.069267
1.438165
0.893916
0.847257
1.981249
0.96401
1.006998
1.003605
0.983538
1.073068
0.973097
1.466305
2.131893
1.57308
1.130859
0.86935
0.940277
0.981787
1.044419
0.817882
0.661636
1.230461
0.95116
1.050443
1.509838
1.022062
0.942741
0.894154
1.013449
1.23879
1.038131
0.910952
0.909145
1.67265
1.781561
1.245883
0.931769
0.873928
1.266999
1.16246
1.138339
1.073926
0.938364
1.029275
0.966287
1.006546
1.074539
0.859037
0.8771
0.979637
1.24439
0.938571
0.903195
0.871378
1.199312
0.915233
0.971982
1.606212
1.572876
0.987654
1.145002
0.881833
1.187309
0.949569
1.170709
1.553641
1.03375
0.869691
1.047102
1.383802
0.878586
1.158071
0.927201
1.826014
1.384349
0.895293
0.877807
1.351807
0.886434
1.048606
0.85189
0.894339
1.083408
0.903377
1.21726
0.924771
0.954258
1.069318
0.889246
1.069615
1.157646
1.305531
0.922395
1.080601
1.076992
0.877873
0.867161
1.021094
1.273351
1.538043
0.912916
0.948862
1.060454
1.062431
1.398997
1.101505
0.939819
0.879177
1.352949
0.960686
0.759022
0.970397
1.089517
1.01755
1.039841
1.433899
0.834321
1.023479
1.530582
0.866611
0.95389
0.867765
1.037362
0.871685
0.805997
0.898272
0.847821
0.982083
1.402727
0.99416
1.106081
1.093797
1.565059
1.011175
1.488218
1.595666
0.922053
1.001946
0.949845
1.643231
0.922286
0.924253
0.684483
0.825836
0.782765
1.617142
0.893489
1.110714
1.04786
0.989257
1.047729
0.86234
1.798195
1.367808
1.04515
1.876862
1.028211
0.921275
0.844895
1.291741
1.524365
1.193321
0.908888
1.002654
0.803203
0.940843
0.864627
1.246932
0.891308
0.908369
1.413818
1.268273
1.055452
0.928512
1.606752
1.695998
0.751265
0.834554
0.977552
0.94223
1.14243
1.427884
1.218157
0.897402
0.941942
1.284534
0.844611
1.066181
0.880499
0.935044
0.927988
1.217029
1.087787
0.892045
1.060059
1.17261
1.075864
0.831079
0.901909
0.705933
1.125751
1.478035
1.137104
0.984757
1.059163
1.081762
1.037932
1.117392
0.677069
1.072184
0.920258
0.919075
1.856339
0.879724
1.78871
1.403084
0.8685
0.988839
1.020833
1.745128
0.776453
0.77948
1.084011
0.866014
0.959584
0.95368
0.769629
1.577896
1.02538
0.83842
0.948352
0.968829
1.650911
0.794329
0.961317
0.760186
0.94372
0.905567
0.872278
0.926426
1.359527
1.321722
0.838194
0.914984
1.156615
0.816663
0.991386
1.642036
0.891297
0.813922
1.029595
1.237874
0.909964
0.860502
1.017013
1.141876
1.944085
1.006148
0.998648
0.786686
1.198582
0.757858
1.024602
0.776416
0.936728
0.82988
1.612247
0.875528
0.841986
0.86714
0.741582
1.044891
1.072701
0.929246
0.893941
0.947708
1.132262
1.986678
0.911846
1.031848
0.998062
1.378249
1.739946
0.878095
1.004923
0.856731
1.224755
0.965537
0.922934
0.890834
1.055369
0.861441
1.631292
1.032111
0.850704
0.911734
1.16791
0.827103
1.051918
1.608421
0.792273
1.031572
0.826957
0.874745
0.903143
0.859143
0.891059
1.560778
1.639818
0.839048
0.857876
0.867317
0.864533
0.797408
0.787815
1.048873
1.23808
1.010521
0.987216
0.924795
0.858001
0.863068
1.271355
0.929309
1.282081
0.884695
1.790833
0.955575
0.862192
0.924835
0.882381
1.176009
1.732797
0.843351
0.91229
1.754078
1.071782
0.916036
0.966494
1.011631
1.424051
0.996906
0.769155
1.205935
0.867308
0.921141
1.173427
1.060302
1.254073
0.886045
0.863857
0.954057
1.56546
1.095883
0.935645
0.946442
1.141964
1.380748
0.866528
0.946195
0.816807
0.875264
1.195413
1.399696
1.144783
0.824886
1.336142
1.091558
1.003109
0.861382
0.859992
0.837073
1.589405
0.948874
0.998351
1.442295
0.981617
1.523994
1.348008
0.954148
0.85594
0.924793
1.517949
1.727099
0.904519
0.726837
1.389344
0.897021
1.437151
1.029696
1.069375
1.01127
1.090677
1.292923
0.766022
0.947605
1.418325
1.022006
0.852783
1.371663
1.788986
0.96934
1.187002
0.831599
1.067053
0.880931
1.055584
0.913681
0.951529
1.836233
0.918677
0.846501
1.073405
0.738334
0.732128
1.043772
0.974579
0.843986
0.977091
1.713271
2.002228
1.018477
1.212412
1.135918
0.920787
1.003097
0.916203
0.897492
1.380066
1.633205
0.847007
0.849337
1.856578
1.567307
2.070129
0.737212
1.489404
1.635546
0.85418
0.923087
0.84764
1.496223
0.948663
1.128835
1.046659
0.793844
0.811199
0.823917
0.972551
0.892284
0.87759
1.177399
1.256212
1.48293
1.148998
1.030147
0.93746
0.980319
1.001207
1.623242
1.506192
1.073682
0.897672
1.475829
0.841408
0.947023
1.03441
0.932426
1.024162
1.135888
1.526719
0.873442
0.778165
0.943764
0.852369
0.916733
0.870797
0.824491
0.994807
0.721263
1.518067
1.802043
0.854378
1.327439
1.208735
0.751085
0.818369
0.757608
0.823284
0.875419
0.885568
0.857108
1.79989
1.106334
0.909285
0.863887
0.860824
0.876989
0.924455
0.920006
0.835396
1.529822
1.298419
0.821799
0.818122
1.260495
1.217783
1.031252
0.874412
0.936852
0.920315
0.851837
0.862333
1.941511
1.186973
1.05388
0.886971
0.925668
0.988186
0.893031
1.056696
1.889423
1.373416
1.035688
1.668405
0.881611
0.784139
1.149777
0.908985
1.033271
0.955427
0.705622
1.364516
1.425513
0.996089
1.317273
0.82165
0.840235
0.994068
0.92371
1.58931
0.896725
1.656423
0.884835
0.840571
1.526683
1.138797
1.074868
0.998311
1.148922
0.891579
0.84563
1.068094
1.95858
0.954925
1.14812
1.079393
0.993522
0.841308
0.785316
1.544661
1.221
1.731415
1.030491
1.084223
0.808721
1.534481
0.911481
0.84374
0.97343
0.843019
1.033244
1.443438
1.236982
0.984984
1.009996
1.075137
1.038013
1.189126
0.832357
1.136165
0.951325
1.135347
0.755879
0.971627
1.202158
0.846446
1.060783
1.394871
0.941554
0.720735
1.486317
1.565139
1.452047
0.907582
1.023765
0.865972
0.773637
1.203232
0.868934
0.919544
0.842027
0.960153
1.252933
0.861748
0.882949
1.458345
1.200262
1.328086
0.881642
1.347492
1.263128
1.835235
1.403768
1.858643
0.846267
0.811333
1.151913
1.014172
0.862933
0.832664
0.970972
1.056471
1.568242
0.955612
1.012101
0.973246
1.325499
1.030453
1.038901
0.875091
1.02831
1.172149
0.723541
1.046645
0.868693
1.353921
1.005503
0.914706
0.80487
0.977876
0.991956
0.940103
0.957232
1.323285
1.481669
1.954065
0.97765
1.338412
1.026431
0.888855
1.49455
0.958828
1.404415
0.902966
0.84283
1.187819
1.331377
0.882586
1.150619
1.052348
0.862035
0.967833
2.416508
1.929119
0.79607
1.38819
1.061607
0.975436
0.998102
1.054047
0.878465
0.906092
1.517973
0.873848
0.831387
0.883144
0.950398
0.865079
0.864088
0.959941
0.689273
0.839158
1.838717
1.938681
0.961286
0.942677
1.094262
1.998326
0.935827
1.360871
1.358867
0.890962
1.643108
0.823385
0.697512
0.876189
0.884953
1.061883
1.03834
1.053744
0.929873
1.067289
1.007833
1.318005
0.789487
0.870704
0.890134
1.455979
0.963423
1.101344
0.990754
0.859651
1.872327
0.871088
1.86281
0.905979
0.999887
0.877963
0.793497
0.838408
0.873127
0.959929
0.823938
1.126791
1.164707
0.870612
0.978982
1.577874
0.780495
0.859926
0.942385
1.524557
0.765826
0.937022
1.409871
0.897365
0.856814
0.856817
0.953249
0.892675
1.003353
0.912635
0.817185
0.850225
1.365658
0.994093
0.730921
1.173975
1.357046
0.869282
1.04917
0.956676
0.912426
1.617947
1.198037
0.850512
1.32529
1.089693
0.750964
0.950785
0.89402
0.779415
0.994867
1.532229
1.016489
0.885144
0.803201
2.167029
1.355083
1.021327
0.88168
1.017113
0.881336
0.881938
1.07646
0.861203
1.016592
1.409129
0.869444
0.99619
0.919857
0.907855
0.955724
0.771263
1.556035
1.929412
1.126843
0.786088
1.633644
0.940964
0.929793
0.935227
1.496465
1.002194
0.999371
1.357875
1.06895
1.051523
0.955667
1.316221
1.131281
0.825934
1.271473
0.805775
1.011651
0.890498
1.240226
1.310978
0.912269
0.969987
0.943411
0.867961
0.976608
0.942522
1.801978
0.797299
0.857243
0.969693
0.815504
0.969391
0.769226
0.968509
0.676969
0.837427
1.322925
1.591147
0.910579
1.157629
1.110949
0.95098
0.87457
1.351771
1.857881
0.815858
1.500434
0.956397
1.000762
0.876997
0.924909
0.980928
0.8423
0.849469
1.028794
1.303151
1.208333
0.953489
1.902947
0.896565
1.159264
1.157844
1.017985
1.117736
1.523886
0.665584
1.057242
1.430479
1.115116
1.200228
0.916808
0.893004
0.988744
1.205904
0.946699
1.073351
0.941116
1.274702
0.829323
0.745947
0.856273
1.552909
0.873715
0.880824
0.940933
0.727584
0.843489
1.703147
0.974888
1.022977
1.024406
0.931187
0.860255
0.901591
0.808873
1.241088
1.019738
1.693289
1.636143
1.226765
0.897562
1.035389
1.525435
0.961449
0.807652
1.134458
0.735362
1.050062
1.225151
0.903273
0.99052
0.934125
1.342286
1.200144
2.168828
1.155828
0.907076
0.837583
0.910962
1.776578
0.822626
0.933136
0.964799
0.977977
1.159834
1.477876
0.991501
1.560013
0.895856
0.842497
1.09822
1.064217
0.836569
0.819845
1.322695
1.343596
0.759602
1.147536
1.558112
1.14735
0.727767
0.907469
1.235311
0.937476
0.982502
0.926081
0.907391
0.873642
1.341385
1.395636
0.892444
0.84677
0.84439
1.220767
0.908306
0.929033
1.211113
1.084245
0.813588
0.912251
1.244705
1.721601
1.504106
1.431081
1.997903
0.869362
0.9395
0.989066
0.972956
1.01065
1.891916
1.127359
1.138467
1.270843
0.800855
0.818481
1.076662
0.888169
0.831519
0.946381
0.893264
0.824963
0.781753
1.049077
2.625444
0.83884
1.004306
0.943428
0.924854
1.453023
0.661762
1.002144
0.848933
1.005957
0.880066
0.928087
1.272281
0.839271
0.886195
0.947383
1.534569
1.287744
0.952916
1.726907
1.234327
0.995829
0.942673
0.889127
1.250908
0.99016
0.783666
1.253972
0.850356
0.98462
0.845624
1.359119
0.889541
1.391745
0.909932
0.997753
1.615338
1.083174
0.874642
1.568125
1.286588
0.813939
1.357738
0.891396
1.238008
0.953572
1.45871
1.206371
0.893913
0.701528
0.715885
0.956658
1.070887
0.861069
0.850085
1.386271
0.96395
0.883367
1.531892
1.334326
1.110323
1.17376
1.00023
1.218025
0.957136
0.873084
0.810236
0.971833
1.53804
0.821585
0.798843
0.862673
0.879311
1.40356
1.009532
0.765518
1.145807
1.052668
1.064109
1.306579
0.822757
1.54184
0.915276
0.992713
0.754089
1.372307
0.791366
0.891086
0.957461
0.936971
0.913154
0.779988
0.846866
0.805818
0.843406
0.914845
0.918322
1.30909
1.301344
0.691534
2.444119
1.595069
1.314275
1.118245
0.794016
0.863373
0.910122
1.233502
0.926578
0.992117
1.057661
0.9476
0.836133
0.847008
0.975353
0.751906
1.018951
0.967877
1.27478
0.883526
0.959277
1.270916
1.315744
0.848577
0.825147
1.390168
0.794376
0.821705
0.785324
1.055772
1.22662
1.959927
0.855549
0.91402
0.876623
1.189935
1.133947
1.118617
1.642836
1.242911
1.007956
0.876125
1.088975
0.803585
1.158531
1.019539
0.925593
0.829937
1.017356
1.147418
1.010081
0.985265
1.021611
1.320034
1.24121
1.055413
0.74862
0.899319
0.70592
0.866232
1.031844
1.624124
0.96165
1.291562
1.146712
0.878199
1.121358
0.839946
1.445168
1.247479
0.948329
1.025863
0.866261
0.822922
0.821237
1.016615
1.054291
1.458388
1.046193
0.908138
1.216358
0.872671
1.23996
0.906056
0.87467
0.802382
0.797959
0.891866
0.941518
1.612799
0.942638
1.246242
0.748249
1.122015
0.745452
1.092563
1.035091
1.665156
1.915182
1.007502
1.638861
0.906992
1.518545
1.065955
0.913416
0.935969
1.024138
1.236737
0.933385
1.241707
0.931559
1.412395
0.841345
1.027688
0.930585
0.915756
0.968917
1.609616
1.53442
0.808224
0.951872
1.336578
0.793009
1.59607
1.45672
0.951215
1.463512
0.771893
1.066236
0.677266
1.550432
1.04072
1.059521
1.056848
0.912224
0.977532
1.060667
0.924786
0.828696
1.525664
2.629503
0.715798
0.874
1.017974
1.043495
0.688131
1.387629
0.924591
1.087784
0.809146
0.966723
0.750862
0.9877
1.078301
0.949398
0.773008
0.961738
0.915625
1.825304
0.895423
0.910609
1.079126
0.789555
1.698068
0.882533
1.165412
0.883215
0.858241
1.0285
0.924859
1.85055
0.826806
0.947651
0.836374
0.834788
0.71715
0.925582
1.035088
1.056593
1.552757
1.543815
1.399308
1.046434
0.867296
0.976888
1.839974
0.967735
0.897521
1.198349
1.013193
1.77336
1.590829
0.959704
0.787836
0.896135
0.90065
1.441182
0.829932
0.936988
0.862584
0.893862
1.525155
0.944877
0.772031
1.019783
0.864979
1.002189
0.968295
0.866603
0.989074
0.981036
1.470056
0.918292
0.845869
1.177088
1.016459
1.057445
1.0108
1.257717
1.011743
1.514689
1.529679
0.875614
1.254138
1.173827
1.574312
0.821476
0.897385
0.986366
1.00202
0.862635
1.007088
1.021368
1.039802
1.76314
1.98412
0.834075
1.004557
0.968194
0.963096
1.771094
0.867653
1.173119
1.523988
0.944707
1.147754
0.89865
1.00853
0.971023
1.500375
0.958824
0.97418
0.845298
0.881388
1.277881
0.866248
0.98312
0.855604
0.847858
1.388885
1.337055
0.83043
1.738751
0.750331
1.126028
0.871288
1.483498
1.445661
0.837683
1.427335
1.389949
1.041893
1.502351
1.639535
0.813915
1.025173
1.045742
1.036062
1.390291
1.405734
1.059819
1.59832
0.830539
1.081067
0.704665
1.000511
0.984711
0.915724
1.259392
0.861919
1.196847
0.995597
0.770928
1.180986
0.896674
0.865899
0.848002
0.836853
0.788379
1.087978
0.876357
1.556308
1.239698
1.639792
1.344935
0.978289
0.825341
0.679708
0.826018
1.239104
1.143242
0.71909
1.005062
0.974962
1.141541
1.062219
1.386423
0.976745
1.304438
0.950662
0.942103
1.162209
0.967472
1.542266
1.352256
1.0207
0.855592
1.489323
0.801862
0.685916
1.188687
1.029956
1.388999
1.522506
0.990384
1.119205
0.900134
0.989765
0.992121
0.867252
1.481007
0.918501
0.851817
1.299683
1.238363
1.015362
1.049382
1.139727
1.330057
1.000156
0.981841
0.891706
0.915455
1.399882
0.914998
1.048674
1.102982
1.068531
0.835664
0.712065
0.95732
1.469952
1.149795
1.25096
1.388351
0.74322
1.021788
1.238201
0.894482
1.467222
1.258352
0.871639
1.351878
1.291482
0.806287
1.825718
1.152607
1.082677
0.929895
1.052868
0.98563
1.140446
1.40116
0.949469
1.298487
1.395701
1.181841
1.500485
0.899673
1.267572
1.295191
0.962807
0.957891
1.012475
1.159233
0.958335
0.987173
1.486314
1.083725
0.92748
0.94901
1.087406
1.096024
1.063496
1.007146
1.317673
1.055324
1.430037
0.868761
1.580005
0.986553
1.406241
0.973163
1.166271
0.942239
0.92769
1.520753
1.271275
1.386375
0.839856
1.597364
1.336002
1.217905
0.856868
2.197022
0.719473
0.876121
0.89511
0.981559
1.280768
0.928139
1.054858
1.042873
0.880757
0.779674
1.925332
0.861041
1.124921
0.928079
1.306651
0.954589
1.094954
0.894977
1.001579
0.839655
1.32059
1.361567
0.917937
1.147097
0.962158
0.992658
1.055444
1.110087
0.726845
0.88221
1.07106
0.868902
0.836788
0.734061
0.899163
0.949276
1.135183
1.742591
1.549019
1.202785
1.779953
1.507905
1.014628
0.874578
0.886414
0.998069
1.375514
0.996825
1.139261
0.728139
0.849654
0.883288
0.91289
0.930197
0.977817
1.172436
1.273421
0.98343
0.775236
1.084967
0.862198
0.808368
0.919436
0.816828
1.017704
1.457716
1.750269
0.96363
1.173486
1.516652
1.04957
0.986311
1.721606
0.751699
1.131955
0.829335
1.446662
0.803485
1.313716
1.813083
0.888072
0.95928
0.93165
0.993663
0.891908
1.068698
0.914982
0.725658
1.050777
1.620548
1.045472
1.235763
1.530957
0.737665
0.831662
0.775016
1.529874
1.848491
0.738264
1.319644
0.879385
1.212488
1.349793
1.339898
0.805352
0.894916
0.866838
0.941382
1.129887
1.801569
0.892856
1.032034
0.940477
0.871056
0.909858
1.052092
0.749617
0.915289
1.199878
1.124948
1.03538
1.501763
0.894844
0.870978
1.047961
0.796124
1.170414
0.888639
1.017428
1.231817
1.443971
1.454129
1.551298
1.225766
0.994908
1.007474
1.423785
0.936228
0.911041
0.967231
0.859386
0.723048
0.873124
0.95638
0.866503
0.874375
1.626462
1.154153
1.179629
1.082365
0.915074
1.032594
0.934857
0.945416
1.330042
1.226663
1.683264
1.089317
1.064962
1.181455
1.111466
0.689483
0.93856
1.390066
0.908029
1.009647
1.031599
0.954588
1.049057
1.158403
1.415635
1.167724
0.936375
1.528401
1.106801
1.062226
0.964648
0.794822
1.355932
0.989102
0.892123
1.246443
1.09636
0.966452
1.245487
0.852452
0.87662
0.74986
0.858382
0.960376
0.997072
1.560325
1.134678
0.914721
1.29361
0.99651
1.576447
1.085528
1.112329
0.954892
1.033169
1.301443
0.921337
0.732951
1.139964
0.863658
0.881979
0.842756
0.902254
1.065428
1.033406
1.141309
1.741133
1.053603
1.310167
1.143094
1.049386
1.357728
0.810073
0.917956
0.857778
1.288476
0.900815
1.025206
1.245879
0.888737
0.872892
0.786836
0.734992
1.057201
1.770573
0.859571
1.000327
1.294997
1.151701
1.104775
1.131767
0.851942
1.053418
0.876541
1.401349
0.849228
1.326095
1.35181
1.783629
1.313829
1.243234
1.215262
0.891966
0.868047
1.108075
1.213139
1.79137
1.907683
1.012071
1.336175
1.659525
0.950535
1.05106
1.041402
1.014702
1.525406
0.945996
0.998167
0.730536
1.183865
1.727972
1.345844
1.130134
0.695878
0.899927
1.429706
1.365561
1.170274
0.923645
1.611703
1.539939
0.956976
0.732714
1.186518
0.980958
0.896793
1.275863
1.168717
1.728836
0.788298
0.952537
0.969491
0.92621
0.997849
0.848948
0.993106
1.104861
0.820342
1.823623
1.611012
1.283228
0.778611
1.597491
0.962056
1.069487
0.957995
0.82867
1.228078
0.85736
0.99863
0.82339
1.03191
1.230255
1.052359
0.95608
1.317804
1.140575
0.77827
1.326719
0.972688
1.019056
1.346752
1.535073
0.927109
0.777787
0.897717
1.373098
0.856761
1.439006
0.814296
1.260317
0.853496
0.777612
0.988115
0.905131
1.364773
1.022243
0.987174
1.560359
1.460565
1.030344
1.233294
1.875189
1.375473
0.996013
0.859671
0.969266
1.145759
1.11708
1.267775
1.212662
0.887852
0.832696
0.950781
1.200335
1.189779
1.430876
1.042846
0.730806
0.906457
1.242831
1.23911
0.94911
1.166788
1.105534
0.914905
0.927624
1.176935
1.555986
1.065173
1.293661
0.810769
1.207996
0.922716
0.839707
0.860982
0.961664
1.303641
0.99272
0.89808
1.600375
2.433688
0.828736
1.058162
0.92028
1.459181
1.141226
0.88561
1.121116
0.943678
0.847533
0.822168
0.743054
1.001554
0.950369
1.423541
0.698009
0.926626
0.8795
0.960421
1.723337
1.043595
1.090729
0.991212
0.916946
0.81505
0.979793
1.008642
0.908449
0.983797
0.859365
0.786309
0.883517
1.042294
0.962854
1.045591
1.147624
0.977719
0.889892
0.936952
1.486238
1.077119
0.93894
0.962108
1.022633
0.916036
1.028528
0.951645
1.181012
1.41374
1.543429
1.036731
1.04799
1.047202
1.082996
0.848985
1.12913
0.946193
0.987139
1.647072
1.289816
1.210028
0.923428
0.964601
0.985592
1.320298
1.041124
1.019457
1.363764
1.168227
0.818026
0.933078
0.951993
1.38838
0.89451
1.164126
1.740599
1.569807
0.777905
1.510121
0.967263
1.246151
0.899763
0.930626
0.883875
0.862627
1.363249
0.897559
1.185361
0.965898
1.419192
1.216117
0.902052
1.199907
0.740559
0.795628
0.914051
2.272649
1.317956
0.690597
0.745247
1.284046
0.883599
0.937991
0.844791
0.955362
1.083303
0.942019
0.939235
1.423712
1.820143
1.009378
0.881521
0.863982
0.863799
1.031133
0.943054
1.141795
0.866371
1.464854
1.473753
2.072171
0.998787
0.918348
1.307923
1.040964
0.980481
1.546633
1.015544
0.88418
0.921231
1.025094
0.833657
0.83239
1.372829
0.949463
1.003971
0.874654
1.337881
2.021238
1.404441
1.014919
1.43958
0.935827
1.162202
0.930924
1.021778
0.837985
0.898675
1.454318
2.028166
0.908371
0.896714
1.141742
0.963433
0.925458
1.00285
1.084226
0.810462
0.839329
1.094275
1.450988
0.98698
0.920778
1.53681
0.976866
1.201137
1.306722
0.881536
1.037079
0.925904
0.842188
0.896871
0.71684
1.154184
0.939197
0.938776
1.101992
1.406428
1.784622
1.57307
1.370632
0.740448
0.833785
0.767658
1.005147
1.041012
1.011672
0.879553
1.493076
1.90829
0.918018
0.716027
0.941188
0.942877
0.911361
1.180587
0.847956
0.91326
1.022772
1.693408
1.296722
1.81821
1.128415
0.824944
0.98073
1.672195
0.908367
1.254451
1.08434
0.948485
1.000402
0.98206
0.916198
1.170559
0.850231
1.082985
0.895977
1.214518
0.923571
1.634732
1.038683
1.226949
1.604154
0.974628
0.886565
1.130057
0.987106
0.820705
1.31614
1.196252
0.985594
0.956554
0.996919
1.253929
1.017386
1.155728
0.961714
0.786391
0.821975
0.993504
1.325017
1.464053
1.063448
1.069143
1.244039
1.076537
0.898958
0.988796
0.752166
1.466794
1.501207
0.978616
1.011075
0.96876
0.982405
0.860931
1.037808
1.118982
1.743804
1.122337
1.478101
1.389485
1.178998
0.937558
1.023541
1.320041
0.835659
0.826756
1.16608
1.450448
1.107211
0.943449
1.548731
1.062648
0.993562
1.006808
1.487528
1.478701
1.501215
0.951165
1.161311
1.008454
1.917058
0.994209
0.897166
1.173929
1.11999
1.20661
1.129747
1.826825
1.285525
1.186234
1.004238
0.949105
1.123205
1.011202
1.139534
1.04605
1.094434
0.888532
1.166913
1.189438
0.727356
1.01741
1.609487
1.182457
1.002701
0.984985
1.218313
2.095739
0.774886
1.108658
1.467351
0.897557
0.991293
1.203899
1.011064
0.953597
1.27374
1.368982
0.735235
0.893576
1.059036
0.940924
0.940419
0.946512
1.033482
0.935322
0.841685
1.437141
1.477971
0.941202
0.698298
1.210272
0.857738
0.929576
0.979543
1.017122
1.044423
0.946572
1.509881
1.733254
1.227721
1.688391
0.976379
0.936875
1.273235
1.073805
0.940664
0.934505
1.009925
1.519459
1.287696
1.10235
1.124402
0.96395
1.192018
1.204082
1.299449
1.603343
0.917152
1.189862
1.298945
1.028202
1.080729
1.224609
1.523997
0.971656
1.019699
1.047187
1.489196
0.973271
0.93692
1.227089
1.264718
1.148106
1.200803
0.99488
0.969597
1.332546
1.268555
0.818659
0.673609
1.309246
1.113864
1.112528
0.695754
1.366946
1.437596
1.932881
1.655768
0.793158
0.9718
0.952315
1.246494
0.916592
0.912987
1.306979
1.56725
1.283247
1.571091
0.950533
0.73667
1.075364
1.150066
1.032256
1.089716
1.730143
1.381939
1.708781
1.152847
1.339998
0.936336
1.507529
0.980432
0.967016
0.876076
0.987943
0.885574
1.230311
1.558021
1.305903
0.855658
1.059592
1.158004
0.924422
1.444454
1.0298
0.928512
1.033129
1.414132
1.231182
0.835882
0.929522
1.132922
1.119144
1.07965
1.561097
0.922133
1.02887
1.643138
1.130866
1.418447
1.337441
1.246688
0.913685
1.446083
1.067937
1.035704
1.411326
0.967292
1.817096
0.874958
1.041205
0.955555
1.02475
1.033412
0.999787
1.190878
1.025788
1.043178
0.946211
1.221734
1.180318
1.130067
1.172551
1.202168
1.091106
1.992029
0.88923
1.603194
1.25605
0.815195
0.94609
0.993979
1.12668
1.193903
0.948792
0.906295
1.003873
0.883595
0.917786
1.190841
0.913019
0.911073
0.865445
1.029681
1.272333
1.080904
0.987386
0.688303
0.850154
1.184807
1.008505
1.143458
1.118987
1.132583
1.289282
0.805999
1.037009
1.516502
1.056877
1.048355
0.886952
1.312153
1.311544
1.89142
0.764986
1.022944
1.467174
0.927599
0.878058
1.057159
1.284059
0.880788
0.905413
1.616495
0.953806
0.965765
0.889547
1.463406
0.876941
0.767739
0.797761
1.116809
0.849556
1.753191
1.925905
1.039194
0.904542
0.876334
0.968341
0.713392
0.955194
1.189753
1.042171
1.037037
1.056891
0.864371
0.734787
1.528553
0.817745
0.943321
1.157833
1.262515
0.953214
1.962987
0.873829
0.974712
0.999495
1.258878
1.332509
0.810821
1.104077
0.832085
0.971382
0.960923
0.891179
0.687622
1.066998
0.969289
0.969229
0.931708
0.925272
0.952535
0.868007
1.067055
1.235746
1.364332
0.93883
1.208539
1.754921
1.199211
0.987053
0.773171
1.209686
0.973145
1.167095
1.025258
1.35517
1.659895
0.834048
0.920154
0.813898
1.069291
0.896114
0.7851
0.922824
1.307756
0.982262
1.208745
0.932078
1.16424
1.435269
1.313708
0.987696
1.062067
0.978921
1.198378
1.266117
1.02252
1.009971
0.878068
1.02504
0.975189
1.406531
1.024589
1.628979
1.707006
0.936577
1.038396
1.442734
0.933737
1.286413
0.747915
0.831472
1.20336
0.793084
2.21693
1.096021
1.177909
0.998796
0.950365
1.171213
1.072764
1.56775
1.543817
1.067157
0.940955
1.177592
1.410958
1.55329
1.000591
0.982843
0.928741
1.022098
1.095531
1.15166
0.918741
0.963163
1.571904
1.826824
1.105433
1.287281
0.875155
1.11098
0.948748
1.195396
1.173529
0.997116
1.097942
1.391442
1.390374
1.200968
1.333966
0.955232
0.977861
1.653348
1.119218
0.770261
1.335641
0.903496
1.15702
1.026834
1.01896
0.668439
1.211988
1.395339
1.025514
0.859955
1.019704
1.509461
1.461556
1.046281
0.901941
1.337122
2.182376
0.98668
1.033514
0.887475
0.974013
1.062281
0.884899
1.08039
0.745201
1.408421
1.162761
0.902333
1.010773
0.971529
0.906267
1.052147
1.063869
1.0002
1.347929
1.118298
0.928122
1.179097
1.023102
1.298096
1.497421
0.996448
0.857714
0.837427
1.008309
0.931022
0.878438
1.06234
1.094368
0.984432
0.832334
1.37341
0.927994
1.580306
0.963199
1.036626
1.120313
1.17597
1.011808
1.951399
1.347976
0.774926
0.793533
1.181863
1.902312
1.127519
0.986318
0.929328
0.873227
1.227062
0.915971
0.919595
1.247854
1.054625
1.503403
1.414484
1.0596
1.37125
0.901703
0.902918
1.152383
0.874742
0.86324
0.727707
1.056279
1.080419
1.15372
0.760127
0.953466
0.888141
1.116127
1.404086
1.225757
0.703251
0.853713
1.592676
0.941123
0.879484
1.240041
1.579689
1.282608
1.49218
1.0283
1.11876
1.432507
1.152284
0.870792
0.930575
1.266446
1.161274
1.118746
0.757221
0.968067
1.462019
0.952535
1.433529
1.617767
0.920839
1.600429
1.060837
1.005959
0.941683
1.047288
0.965223
0.925373
0.989426
1.551564
0.797874
0.853551
0.799297
0.91704
1.074364
1.287695
1.079711
1.422111
1.150778
1.010008
1.173554
1.47652
0.891036
0.887861
1.287253
0.931732
0.906545
0.780239
1.13843
0.971173
0.782955
0.762657
0.957037
1.086287
1.234291
1.002249
1.126925
1.213096
1.12905
1.744728
1.115854
0.914023
1.575632
1.894226
0.868661
1.259566
1.108362
0.822195
1.198811
1.154416
1.250421
1.314913
0.925474
1.251466
0.998221
1.1608
1.018611
0.924675
1.740783
1.842442
1.160167
1.098115
1.754603
0.743214
1.612853
1.613069
0.808749
0.884406
1.535963
1.072357
1.039322
0.93993
0.861055
0.940819
1.012217
0.982852
1.111285
1.193625
1.042487
1.030439
2.259276
1.055539
1.139381
1.443589
1.166066
1.126381
1.062215
1.213985
1.392195
0.887738
0.917787
1.41132
1.042675
0.961306
1.065246
0.906437
0.908939
0.904145
1.273348
1.134458
0.910873
1.011258
1.418897
1.184549
1.024917
1.191608
1.26706
1.136526
1.120604
0.942334
1.448857
1.224029
1.102013
0.995511
0.965756
0.804531
0.999197
0.973699
0.934843
1.740435
1.172679
1.061122
0.818705
1.457345
0.912035
0.998094
1.120224
1.030482
1.12917
0.948906
0.803277
1.049574
1.819813
0.925483
1.145085
0.977231
0.737193
1.06409
1.527681
1.103888
1.289833
0.838093
1.072431
1.270065
1.317162
1.070219
1.128134
1.369447
1.220925
1.173216
1.059354
1.567139
1.094631
1.124712
1.021289
1.15102
1.09598
1.418033
1.165031
1.200909
1.049696
1.319555
1.583761
1.982142
0.88498
1.598139
0.722489
1.29119
0.915291
0.895527
1.239639
1.074142
1.236545
0.91585
0.958846
0.970136
0.787988
0.936717
0.892715
1.593843
1.037067
0.857757
0.999951
0.954514
1.149893
1.146709
1.030938
1.154198
1.014881
0.962783
1.069986
0.971935
1.986542
1.991171
0.966125
0.706107
0.982396
1.073437
0.965403
0.957484
1.391099
0.983826
1.061291
1.619176
1.447141
1.74485
0.723501
1.094802
1.274653
1.10372
1.045698
0.746731
0.992204
1.706429
1.60143
0.988069
1.042737
0.876115
1.191791
1.062595
0.907282
0.848225
1.353102
1.031682
1.364059
0.73579
0.841528
0.969841
0.993844
0.954698
1.729978
1.14636
1.065502
0.906412
1.462267
1.038733
1.005697
1.271163
0.910538
0.800308
1.39222
1.024546
1.100218
2.038366
1.590657
1.57507
1.128864
0.996245
1.056782
1.056669
0.884156
1.168329
1.029295
0.913734
1.19146
1.302341
1.02943
1.012647
1.343573
1.172179
0.887778
1.128824
2.036607
1.102161
1.938145
0.747749
0.919636
1.371838
0.922217
1.001592
1.87499
0.97594
1.12456
0.956011
1.316369
1.021562
1.017972
1.013359
0.959632
1.064125
1.104445
0.998738
0.721438
1.136009
1.054877
1.002361
1.993698
1.514294
0.845841
0.944192
1.055479
0.758279
0.727997
1.305221
0.930019
1.058884
1.62638
1.151203
1.025412
1.067201
1.107091
1.100453
1.071901
1.247821
1.387033
1.541907
0.867841
1.370419
1.139083
1.821794
1.312012
0.947974
1.228321
1.47937
1.995759
1.505213
1.064985
1.218081
1.254166
1.022191
1.179157
1.113126
0.879428
1.71857
1.581858
1.186971
0.984273
1.712425
0.947362
1.320248
0.911674
1.024435
1.119082
1.577556
1.645624
1.411575
0.727197
1.068444
1.016662
1.09535
1.015027
1.096272
0.871869
1.342042
1.293711
1.084758
1.33754
0.944168
1.076832
1.187201
1.101501
1.00913
1.237093
1.023193
2.255609
2.09169
0.847772
1.10314
0.964592
1.454194
1.667437
1.090325
0.836756
1.273453
1.57333
1.021703
1.024834
1.220323
1.157662
1.053299
0.976134
1.533962
2.18329
1.315832
0.85438
1.148881
1.022469
1.974412
0.957119
0.934804
0.914141
1.092772
1.183503
1.087972
0.992441
1.255084
1.122352
1.100573
1.489911
1.321005
1.062058
1.190701
1.044121
1.514269
1.613292
1.058142
0.88122
1.188329
1.332387
1.108754
1.251944
1.076031
0.816736
1.277067
1.557718
1.44037
1.496001
1.286278
1.243192
1.404373
1.44449
1.017649
0.965509
1.506443
1.640056
1.48117
1.330896
1.023128
1.660516
1.164505
1.365236
0.983916
1.230847
1.145623
1.4109
1.647299
0.798126
1.00665
1.065545
1.113431
1.501422
1.006439
1.04618
0.974887
0.813586
1.087864
1.839587
1.014575
1.132601
1.333684
1.01701
1.583428
0.880662
1.091431
1.466415
0.950232
0.998899
0.972456
0.753672
1.204251
1.288875
2.277314
1.119799
1.166007
1.310363
1.493896
1.395563
0.996347
0.99756
0.944823
1.181169
1.31484
1.175361
0.979089
1.543524
1.060853
0.892995
1.346269
0.783316
1.479767
1.566158
0.995595
0.738586
1.382098
1.533891
1.038569
1.077761
1.123089
1.05807
1.445908
1.667103
0.758556
0.949583
1.291884
1.496399
1.113574
1.09303
1.10609
0.943793
1.114124
1.164203
1.692462
1.402429
1.151627
1.293208
1.073016
0.998292
1.059293
1.101262
1.272456
1.257803
1.154506
1.229111
1.153066
1.501018
1.046395
1.094323
1.190874
0.912933
1.103292
1.249931
1.092951
2.023829
1.13591
1.134392
1.346123
0.836302
1.286078
1.180099
1.036792
1.228565
1.612952
1.089107
1.308139
0.74018
1.261066
1.012897
1.109718
1.245986
1.086333
0.889393
1.199901
1.482958
1.336951
0.947987
0.967391
1.556314
1.103579
1.249625
1.028489
2.24559
1.166596
1.365634
1.142434
1.343152
1.074545
0.939575
0.89205
0.953936
1.030382
1.057699
0.94772
1.356222
2.011073
1.670376
1.1169
1.198892
0.96485
1.179115
1.028499
0.910454
1.205734
1.696966
0.878396
1.10726
1.145764
1.323515
1.358307
1.505472
1.134965
0.905571
1.044249
1.42832
1.022387
1.150751
1.465861
1.099272
1.166723
1.164525
1.328876
0.992251
1.039644
1.102782
1.28428
1.971109
1.276916
1.124055
1.480723
0.746725
1.213048
1.341704
1.11336
1.34745
1.193972
1.277553
1.088167
0.676791
1.082778
1.217329
0.919611
1.157603
1.71367
1.090639
1.211945
1.041727
0.93931
1.139807
1.12884
1.03245
1.125407
0.976371
1.2592
1.142417
0.746415
0.820731
1.370393
1.316872
1.048443
0.981155
1.296675
1.293041
1.219211
1.213802
1.710198
1.303071
1.326248
0.990106
1.062397
1.306664
1.285607
0.881882
0.995532
0.972117
1.065097
1.045169
1.243601
0.75469
1.118715
1.842871
1.159161
0.949982
1.006016
1.319857
1.190425
0.936094
1.01863
1.254158
1.266851
0.802682
0.935459
1.004483
1.368125
1.768049
0.96161
0.957514
0.903154
1.288073
1.207251
0.854391
1.243298
1.327603
1.121428
1.333581
1.083041
1.540837
1.286579
1.757099
1.455301
0.986753
1.376331
1.175434
0.993193
0.952945
0.998546
1.393358
1.731711
1.304287
0.976539
1.161798
0.89676
1.10114
1.212967
1.169155
1.596914
1.671236
1.111592
1.13597
1.261667
0.998835
0.95949
1.318357
0.911087
1.955636
1.280271
0.999699
0.960526
1.028988
1.201126
0.876343
0.910393
1.081531
1.331417
0.798511
1.270249
1.259481
1.046006
1.1814
1.01659
1.033468
1.157558
1.224906
1.201893
1.148202
1.286699
1.1336
1.247758
1.261595
1.0968
1.427111
1.152831
0.763559
1.730708
1.296579
1.504263
0.99818
1.572663
0.969453
1.13707
0.979411
1.117277
1.285819
1.110401
0.951297
1.016088
1.647555
1.091905
0.906731
0.974026
1.081175
0.992476
1.033237
1.017284
0.96568
0.905437
1.120118
1.40217
1.874502
1.128368
1.129133
1.063827
0.984176
1.395876
1.061681
1.251866
0.969553
1.104039
1.060605
1.488274
1.532849
1.074357
1.19599
1.151927
0.996196
1.661257
1.201902
1.229985
0.902511
0.986291
1.464898
1.017553
0.998507
0.961677
0.907219
1.242185
1.481436
1.169303
1.384352
1.027956
1.304638
1.103158
1.267476
1.1551
1.233515
1.395711
1.300192
1.219171
1.010605
1.364962
1.184851
0.971989
1.205043
1.136145
1.093464
0.986638
0.985402
0.964874
1.619467
1.580551
1.640701
1.148031
0.922516
1.193041
1.089879
1.487179
1.313321
1.316151
0.966251
0.96427
1.479234
1.081819
0.907544
1.037911
1.283162
1.078881
1.228659
1.117048
1.084011
1.345356
1.064014
1.124593
1.102462
0.966927
1.102144
0.987057
0.955946
1.15373
1.380581
1.38148
1.090679
1.016196
1.041042
1.184063
1.156265
1.179961
0.949589
1.032665
1.001006
1.028371
1.310921
1.482723
1.53826
1.532213
1.128355
1.347205
1.091941
1.176918
1.308415
0.880684
1.209462
1.13231
1.156042
0.916784
1.190298
1.326259
1.695353
1.624631
1.139182
1.073068
1.012704
1.166875
1.549333
1.263097
1.457295
1.076899
1.625324
1.013788
1.135991
1.206714
1.719003
1.360254
1.178787
1.118771
1.15701
1.004685
0.991575
1.002996
1.264813
1.119306
1.079163
1.028017
1.497507
1.066319
0.861364
1.256835
1.102432
1.256232
0.977517
1.791572
1.145666
1.258043
1.34602
0.961247
1.218599
0.960014
1.257545
0.984066
1.342386
1.432531
1.491223
1.443646
1.344627
1.044467
0.991496
1.145132
1.271995
0.720761
2.076722
0.961144
0.961053
0.907576
1.126537
1.234952
1.064251
1.010315
1.052214
1.481858
1.013991
1.46604
0.96956
1.044598
1.307816
1.320444
1.562434
1.12353
1.254
1.491746
1.348751
1.356131
1.233432
1.557511
1.081232
0.892665
1.306546
1.136554
1.351258
1.269773
1.123656
1.211396
1.601928
1.304632
1.400793
1.551893
1.381829
1.164243
1.1271
1.074012
1.318329
1.165408
1.494548
1.115567
1.214846
1.033884
1.096659
1.052329
1.116727
1.314907
1.120132
1.86147
1.203135
1.310759
1.308257
1.505673
1.141228
0.988848
0.992402
1.016966
1.049636
1.287107
1.587519
0.969061
1.107195
0.989864
1.096853
1.086322
1.146849
1.13326
0.955159
1.139325
1.213924
1.762295
1.670193
1.023836
1.768204
1.239224
1.398838
1.412792
1.383023
0.953819
1.182386
1.048655
1.804106
1.344282
0.948448
1.046691
1.188054
1.044058
1.72826
1.5447
1.044653
1.042114
1.029996
1.338478
1.370694
1.095944
1.085644
1.463616
0.9872
0.711125
1.476103
1.162513
1.335458
1.158531
0.95801
1.227829
1.186163
1.192544
1.297772
1.514921
1.504049
1.330479
0.971819
1.052509
1.574409
0.895253
1.146434
1.594178
0.923261
0.921221
1.316961
1.552232
1.302389
0.992662
1.284173
1.342412
1.005847
1.351631
0.951768
1.070187
1.959205
1.153242
1.073569
0.923777
1.652893
1.384325
1.240369
1.025003
1.216327
1.336578
1.076971
1.168639
2.066889
1.169334
1.276524
1.275689
1.037265
1.383017
1.263574
1.221158
1.234431
0.956705
1.110393
1.486403
1.614796
1.026012
1.139966
1.245112
1.636234
2.202194
1.055402
0.933299
1.197569
1.227793
1.781771
1.30554
0.98489
1.479315
1.264899
1.328096
1.682272
1.57768
0.818621
1.090033
1.16105
1.421026
1.213049
1.555205
1.025687
1.377498
1.119392
0.888693
1.308114
1.61846
0.864726
0.88303
1.266592
1.097829
0.886242
1.215994
1.083551
1.431422
1.118767
1.18959
1.247486
0.985812
1.04633
1.672968
1.056332
1.16377
1.287563
1.3623
1.839964
1.486397
1.126014
0.983201
0.980241
1.017207
1.040728
1.304838
1.2776
1.422043
1.434036
1.236565
1.25916
1.476026
1.355896
1.220188
0.89677
1.089712
1.076025
0.884064
1.240102
0.979464
1.208567
2.253378
1.141226
0.989138
1.28765
0.973488
0.985462
1.085025
1.080393
1.053366
1.310022
1.498186
1.025745
1.091742
0.977658
0.989395
1.159704
1.363036
1.266993
1.187995
1.717729
0.912193
1.137047
1.247139
1.131883
1.26027
1.204883
1.114668
1.323595
1.866585
1.109578
1.256597
1.270524
0.878653
1.787002
1.496906
1.279409
1.314699
1.123939
1.185358
1.767994
1.308283
0.981373
1.450017
1.216947
1.044743
1.362527
0.967434
1.343277
1.630534
1.305727
1.061569
1.280548
1.536196
1.203768
1.11756
1.167345
1.072448
1.068716
1.419769
1.258799
1.587757
1.099713
1.125503
1.222039
1.138492
1.136734
1.087567
1.277895
1.477639
1.52736
0.954708
0.951164
1.285416
1.625354
1.055584
1.423574
0.944237
1.407921
0.958261
1.272762
1.589372
1.081744
1.437016
1.069923
1.150503
1.381545
1.242233
1.462176
1.04381
1.258345
1.038201
1.080756
1.238128
1.376221
1.009491
0.813219
0.956572
0.978916
1.166018
1.429892
1.358318
1.561647
1.04807
1.152721
1.113455
1.477488
1.18407
1.171027
1.296026
1.254577
1.199678
1.679323
1.607271
0.956775
1.813266
0.951325
1.038968
1.082675
0.909705
1.616334
1.262439
1.326638
1.288689
1.453561
1.401689
0.932535
1.405822
0.933377
1.34939
1.447
1.037296
1.322178
0.861819
1.270376
0.940873
0.822171
1.677408
1.952526
1.216639
1.053418
2.173611
1.210577
0.944242
0.724799
1.141443
1.268007
1.268371
1.111692
1.61603
1.783875
1.086231
1.165555
1.11036
0.82821
1.737726
1.521616
1.000418
1.254436
1.143048
1.131972
1.31532
1.34559
1.332858
1.135813
1.237626
1.349171
1.254273
0.97977
1.296574
1.073723
2.131215
1.772806
1.520545
1.603868
1.450921
1.22827
1.275368
1.238935
1.316348
1.088294
1.194772
0.935068
1.950364
1.177683
1.325014
0.954838
1.25318
1.015876
1.060927
1.057947
1.276644
1.480074
1.28974
1.076241
1.634796
1.235995
0.77089
1.254738
1.147881
1.251266
1.394245
1.111621
1.688824
1.070741
1.119168
1.205402
1.25801
1.097379
1.024276
1.205904
1.235793
1.442238
1.595177
0.926702
0.955962
1.355287
1.374228
1.253751
1.597305
1.276474
1.309533
0.978847
1.278296
1.295618
1.074948
1.292036
1.381409
1.090167
0.994337
1.202998
1.151896
1.278053
1.281973
0.820764
1.661798
1.415347
1.139839
1.472888
1.270008
1.320979
1.282929
1.145258
1.322664
1.729914
0.921719
1.322581
1.294842
1.2484
1.349436
1.043013
1.240534
1.101511
1.336098
1.73982
1.4461
0.984577
1.206294
1.410592
1.205617
1.131538
0.992906
1.136693
1.071561
0.990969
1.596978
1.36047
1.041889
1.383891
1.124393
1.189342
1.22882
1.183452
1.094629
1.288219
1.276752
1.321404
1.13214
1.581103
1.56316
1.277986
1.112991
1.180193
1.015699
1.129124
1.286962
1.208454
1.255918
1.093969
1.232935
0.877997
1.084228
1.173979
1.235016
1.483224
1.326885
1.369693
1.196497
1.577907
1.034065
1.277398
0.9875
1.118334
1.31163
1.191814
1.135109
1.346608
1.102449
1.257782
1.347433
1.125807
1.170279
1.235895
1.107548
1.268606
1.382573
2.067788
1.089991
1.561514
1.398385
1.317634
1.365004
1.508777
1.218681
0.898852
1.245266
1.044666
1.420751
1.101712
1.187194
1.370994
1.260166
1.315957
1.286977
1.199525
1.143157
1.092201
0.911048
1.01539
1.54403
1.338843
0.839892
0.999776
0.775057
1.118697
1.130935
1.541311
1.228184
1.043467
1.332407
1.305677
1.245368
0.958435
1.202309
1.049143
1.107601
1.922977
1.544431
0.874119
1.221015
1.417751
1.307303
1.132851
1.427811
1.326877
1.040077
1.268279
0.944972
1.385902
0.904389
1.298329
1.206253
1.01232
1.545253
1.287629
1.568087
1.628002
1.311425
1.036596
1.342039
1.277003
1.36325
1.095595
1.217637
1.434963
1.153166
1.242847
1.44467
1.322953
1.253529
1.731133
1.166721
1.218405
1.008665
1.355266
1.235042
1.447613
1.627255
1.081658
1.377662
1.313419
1.314644
1.043455
1.330476
1.267765
1.329404
1.258756
1.65507
0.908126
1.39904
1.160234
0.891044
1.074125
2.199858
1.526773
1.429295
1.023865
1.066897
1.478068
1.466036
0.959894
1.586836
1.224731
1.188503
1.220813
1.318155
1.219714
1.201673
1.571315
1.783011
1.177228
0.903056
1.328771
1.337745
1.275444
1.441045
1.429772
1.350421
1.020365
1.317482
1.317893
1.243377
0.952415
1.501007
1.307394
1.49583
1.11503
1.54862
1.304343
1.128358
1.301413
1.135591
1.061977
1.221779
1.549125
1.295445
1.966084
1.500403
1.064666
1.304378
1.07483
1.368848
1.242373
1.023804
1.314927
1.143614
1.535461
1.270201
0.911154
1.125147
1.785254
1.374959
1.133306
1.114609
1.306502
1.051801
1.282008
1.419447
1.320561
1.332296
1.511014
1.08061
1.205086
1.266861
1.291743
1.094842
1.284738
1.135818
1.323692
1.108741
1.547401
1.381143
1.219003
1.348431
1.037785
0.989687
1.173096
1.075481
1.935083
1.349304
1.066039
1.109858
1.335377
1.159639
0.976297
0.906106
1.107279
1.298498
0.996459
1.053113
1.089226
1.117251
1.057264
1.31939
1.378486
1.249185
0.996029
1.583689
1.399116
1.323482
1.387428
1.017734
1.625519
1.073127
1.078368
1.076016
1.269677
1.349975
1.973875
1.172407
1.247849
1.261104
1.148606
1.284975
1.546243
1.16646
1.302265
1.206725
1.04927
1.16845
1.442026
1.889635
1.302123
1.87637
1.002964
1.11253
1.300106
1.163758
1.070244
1.003754
1.331833
1.311067
1.312261
1.262923
1.451493
1.361766
1.002847
1.571639
1.574158
1.250784
1.133778
1.272758
1.067537
1.3912
1.317175
0.979315
1.172358
1.264588
1.223769
1.296706
1.051264
1.619895
1.2795
1.466911
1.530706
1.022537
1.486391
0.914064
1.045452
1.954486
1.187396
1.084574
2.260617
1.171636
1.246238
1.240922
1.536026
1.183884
0.877098
1.082272
1.411899
1.065569
1.062936
1.742672
1.559967
1.350355
1.400428
1.054867
1.481795
0.946354
1.405502
1.193524
1.279669
1.05532
1.523807
1.2532
1.53115
1.229639
1.212954
1.313276
1.288272
1.06729
1.30044
0.805246
1.339787
1.09723
1.115618
1.48653
1.038106
1.355787
1.65341
1.260135
1.222662
1.557387
1.29593
1.320064
1.302354
1.151343
1.168786
1.294645
1.077462
1.284348
1.363134
1.252462
1.371672
1.046891
1.348005
1.346062
1.276058
1.204473
1.297946
1.273776
1.090481
1.320396
2.045197
1.423264
1.018466
1.075542
1.189593
1.161956
1.740996
1.21183
1.254388
1.068956
1.327979
1.370994
1.002039
1.233068
1.360003
1.940596
1.176052
1.467959
1.187844
1.306841
1.652918
1.41735
1.457695
0.941631
1.301111
1.191264
0.96216
1.251817
2.118955
0.881846
1.252487
1.383252
1.22132
1.152306
1.286885
1.041952
1.643478
1.581197
1.339653
2.359677
1.152958
1.201378
1.17789
1.165729
1.401597
1.23669
1.221788
1.181838
1.053618
1.072295
1.388979
1.297876
1.195974
1.384028
1.248123
1.278325
1.65828
1.364859
1.125416
1.301504
0.921085
1.026904
1.258324
1.961111
1.275474
1.055483
1.086064
2.125673
1.334616
1.464809
1.048024
1.048712
1.123517
1.240628
1.377259
1.151411
1.307467
1.270255
1.362237
1.76634
1.856029
1.178204
1.782553
1.1082
1.413636
1.358893
1.056957
1.243086
1.394801
1.016815
1.492268
1.20959
1.366901
2.037558
0.985726
0.990254
1.141194
1.124917
1.367661
1.16311
1.217165
1.922651
1.572605
1.157752
1.311009
1.697556
1.360706
1.449099
1.710864
1.091169
1.51454
1.370293
1.378563
1.489012
1.059347
1.475934
1.339714
1.521344
1.242341
1.145623
1.26106
1.128228
1.344948
1.511943
1.17413
1.255755
1.477889
1.109089
1.098593
1.118168
1.145519
1.086416
1.308344
1.021063
0.990896
1.198592
1.568515
1.044927
1.142117
1.082975
1.173263
1.420576
2.060858
1.273439
1.103129
1.324737
0.997141
1.095174
1.080289
1.351378
1.193066
1.285064
1.274341
1.162978
1.302619
1.138076
1.090357
0.949759
1.361436
1.541498
1.2811
1.036139
1.324007
1.112333
1.083603
1.307611
1.237824
0.972764
2.023869
1.283604
0.940469
1.297393
1.316485
1.290887
1.360042
1.392694
1.381027
1.080568
1.120598
1.384301
1.23121
1.199887
2.10442
1.319201
1.20654
1.351695
1.195809
1.207962
1.245333
1.27699
0.954718
1.438631
1.313297
1.11593
1.114399
1.060562
1.003607
1.222878
1.369277
0.927461
1.169866
1.624605
1.243785
1.415654
1.169001
1.57658
1.370751
1.135676
1.008454
1.125899
1.566293
1.031125
1.262048
1.006782
1.070633
1.253295
1.334625
1.059373
1.548498
1.325177
1.523198
0.951258
0.882724
1.201936
1.295963
1.583346
1.263415
1.167636
1.330279
1.108518
1.141063
1.038608
1.53409
2.142294
0.955562
1.402834
0.925917
1.134079
1.271437
1.921575
1.327154
1.078241
1.529856
1.053946
1.047775
1.293428
1.115514
1.029294
1.278207
1.321568
1.398804
1.24921
1.378962
1.196476
1.07088
1.050648
1.269013
1.229417
0.931357
1.322183
1.367217
1.351927
1.080148
1.447264
1.810972
1.305788
1.017567
1.21314
1.233038
1.16419
1.566295
1.51071
1.515189
1.445093
1.403717
1.252295
1.068581
1.059076
1.007304
1.317043
1.212366
0.936882
1.473192
1.855277
1.028822
1.241208
1.316374
1.14654
1.19422
1.182623
1.350887
1.400354
1.211183
1.236884
1.274882
1.328112
1.191384
1.09746
1.2556
1.298949
1.20249
1.377763
1.873283
1.246638
1.312892
1.112421
1.03
1.185437
1.303456
1.398097
1.300848
1.399496
1.344891
1.227197
1.441107
1.182807
1.264504
1.339163
1.079841
1.391655
1.00528
1.07111
1.445142
1.162396
1.272097
1.656899
1.642471
1.16171
0.831765
1.182101
1.276701
1.357336
1.469689
1.71313
1.128817
1.310064
1.280129
1.092595
1.128163
1.001368
1.325328
1.309215
1.082181
2.057351
1.34088
1.220299
1.307376
1.289239
1.448406
1.44695
1.061321
1.280829
1.302313
1.334205
1.16098
1.536095
1.532025
1.34933
1.35291
1.263893
1.174126
1.202959
1.128938
1.427195
1.30461
1.41911
1.860939
2.212233
1.848154
0.885652
2.052767
1.563415
1.098052
0.901259
