0.480807
0.877916
0.822401
1.340594
0.927914
0.898965
1.071799
0.916012
0.95687
0.85537
1.001276
0.917094
0.922548
0.929071
0.740441
0.917761
0.905232
0.961882
0.924249
0.839493
0.999122
1.024419
0.960127
0.895902
0.808484
0.917909
0.9133
0.972267
0.834582
0.962818
0.968742
0.933804
0.918784
1.239181
0.911456
0.971746
0.967517
0.896084
0.929206
0.946951
1.037444
1.054052
1.032888
0.899049
1.269963
0.93707
0.944088
1.201237
0.996886
0.893862
0.945133
0.821714
1.043329
1.043281
0.824983
0.911318
0.92707
0.921363
0.998294
0.914895
0.874966
1.582043
0.893201
0.946064
0.929642
0.861472
0.869113
0.986147
0.936899
0.973193
0.939694
1.310398
0.874237
0.893774
0.909535
0.821158
1.185739
0.877273
1.070274
0.970595
0.909342
1.228695
0.812668
1.146014
0.948869
0.894291
1.041293
1.054109
0.916508
0.947373
0.96364
0.946212
0.831271
0.983258
0.884605
0.946462
0.982495
0.962724
0.995037
0.894196
1.161073
0.972872
0.927675
0.801256
0.954426
0.906549
0.850623
0.917642
0.964402
0.936587
0.974085
0.936395
0.852091
0.929852
0.852372
0.912562
0.922734
1.055505
0.921186
1.000762
0.875922
0.884751
0.925817
0.908494
0.968411
0.920344
0.975602
1.02859
0.97384
0.823076
0.872
0.957383
0.993933
0.8951
0.980303
0.999661
0.939976
0.920811
0.933198
0.874
0.949943
0.907801
0.886793
0.925608
0.811189
0.894376
0.85352
0.775838
0.871132
1.171648
0.914247
0.992894
0.960058
0.806313
0.908758
0.84298
0.92733
0.987927
0.821001
1.076353
0.831022
0.830823
0.906874
0.916486
1.034254
0.808138
0.897791
0.895125
0.901251
0.909593
0.91873
0.914779
0.876497
0.898901
0.904804
1.025539
1.273202
0.866766
0.92592
0.809334
0.911887
1.034114
0.955573
0.903014
0.746639
0.985556
1.116324
0.905656
0.907726
0.736288
0.905065
0.910109
1.027343
0.912824
0.853186
0.880129
0.894588
0.858346
0.831266
0.925176
1.08372
0.883629
0.860209
0.888287
0.852003
0.843034
0.9948
0.865576
0.873076
0.885283
1.146566
0.879584
1.093968
0.935289
0.975593
0.907096
0.894404
0.892632
1.076584
1.160476
0.756662
0.890524
0.941782
1.04256
0.968579
1.029937
0.926063
0.897329
0.842069
0.896765
0.841198
0.839003
0.904336
0.886211
0.932991
0.88824
0.87866
0.888052
0.876201
0.974042
0.996463
0.832542
0.994719
0.881435
0.956989
1.218009
0.764054
0.895779
1.048108
0.914216
0.991636
0.954146
0.802785
0.891706
1.011277
0.90275
0.954994
0.897629
1.209684
1.018315
0.870915
0.833121
0.853551
0.915716
0.861412
0.899501
0.857623
0.901613
0.812821
0.858094
0.837529
0.976561
0.945155
1.257761
0.834167
0.990555
0.909984
0.992625
0.966527
1.001135
0.829414
0.921066
0.952997
0.870834
0.809719
0.969978
0.913938
0.874677
0.95521
0.877031
0.900782
0.840655
0.782687
0.959084
0.965172
0.984795
0.929943
0.933165
0.881151
0.886706
0.999936
0.908227
1.066897
0.925698
0.914122
0.928436
0.895423
0.981539
0.871227
0.881124
0.843899
1.076032
0.902891
0.80675
0.855847
0.888505
0.924975
0.922741
0.872924
1.008854
0.842795
0.789657
1.054647
0.792593
0.929491
0.868688
0.939981
0.809174
0.925895
0.895878
1.118034
0.920372
1.162704
1.050221
0.909912
0.831569
0.875265
0.931722
0.816378
0.853263
1.168931
0.86009
0.835306
0.841907
0.986644
0.928212
1.095169
0.935524
0.922318
0.87667
1.147349
0.883114
0.842
0.944025
0.856015
0.958772
0.867558
0.960626
0.869274
0.896198
0.857003
0.885134
0.916053
0.962658
0.916076
0.839842
0.946428
0.835553
0.892699
0.897602
0.923767
0.912182
0.854609
0.883942
0.939355
0.911475
0.70894
0.893892
0.96118
0.927198
0.873327
1.074526
0.908779
0.790918
0.930591
0.895133
0.84074
0.987695
0.885486
0.900364
0.911982
0.952082
0.930918
0.788437
0.889166
1.173909
1.017855
0.885942
0.768318
0.810251
0.854559
0.814773
0.980596
0.766814
0.839106
0.784904
0.743082
0.890247
1.032795
0.880822
1.005619
0.911919
0.927679
0.987132
0.854106
1.143515
0.78213
0.939004
0.962553
0.801197
0.770966
0.92365
0.95217
0.864566
0.897447
0.868869
0.811632
0.901756
0.869246
0.793002
0.899151
0.956099
0.835765
0.953679
0.858822
0.816205
0.83649
0.830323
0.864215
0.923755
0.895042
0.787166
0.862735
0.865185
0.877406
0.933969
0.80682
0.925508
0.973834
1.013779
0.853155
1.008543
0.883106
0.878498
0.984068
0.8798
1.005522
0.878924
0.943271
1.030137
0.790776
0.898102
0.802574
0.772569
0.944902
0.812563
0.989737
0.86633
0.908843
0.931828
0.945438
0.850151
0.968061
1.033788
0.926041
0.875737
0.829159
0.949072
0.800699
0.940231
0.902666
0.965202
0.806086
0.966985
0.866836
0.817967
0.892729
0.859233
0.982682
0.936337
0.811113
0.841063
1.063489
1.034054
0.978567
0.81305
0.909925
0.858344
0.858662
0.79557
0.888605
0.918073
0.849464
0.978813
0.815237
0.937822
0.899598
0.874895
0.983686
0.87054
0.89532
0.819767
0.883402
0.759183
0.858769
0.890353
0.9502
0.983842
0.858673
0.899395
0.795122
0.91443
0.852691
0.944863
0.96021
0.753757
0.834355
0.885414
0.91619
1.083677
0.964676
0.915082
0.873593
0.962846
0.928796
0.850759
0.856936
0.896003
0.757223
0.841628
1.258883
1.034886
0.879146
0.934808
0.856908
0.910756
0.862073
0.879125
0.839912
0.904661
0.886777
0.985345
0.830396
0.866245
0.941461
0.881123
0.84538
0.897284
0.841601
0.826531
0.932039
0.88933
0.938561
0.877581
0.785038
0.812742
0.985394
0.921638
0.843061
0.871806
0.827324
1.233569
0.908213
0.914343
0.914774
0.754289
0.924208
0.894684
1.017718
0.957344
1.220646
0.705041
0.928456
0.890038
0.97981
0.914825
1.040858
0.910736
0.888201
0.844525
0.935195
0.857057
0.883969
0.860594
0.863671
0.877127
0.939789
0.844481
0.894597
0.903003
0.87481
0.920008
0.855606
0.935627
0.922429
0.977701
0.782891
0.814402
0.940797
0.915848
0.905008
0.827944
0.989074
0.777968
0.876253
0.954788
0.906733
0.862272
0.976205
0.78127
1.174335
0.829939
0.942352
0.841279
0.813884
0.879762
0.915629
1.046025
0.76672
0.918563
0.87804
0.872715
0.820528
0.872213
0.912036
0.794167
0.863586
0.923449
0.867518
0.803431
0.933449
0.825204
0.762842
0.850121
1.06537
0.850666
0.915141
0.927548
0.912978
0.882606
0.902892
0.844999
0.899499
0.778964
0.976388
0.965128
0.822074
1.260803
0.869462
0.867913
0.934432
0.936602
1.189775
0.963308
0.909962
0.933008
0.744866
0.883163
0.859182
0.826183
0.929443
0.857806
0.812693
1.1805
0.905931
1.048282
0.924074
0.830769
0.868961
0.910461
0.990919
0.836052
0.812662
0.893656
0.93787
0.839493
0.830828
1.329359
0.900759
0.946209
0.880765
0.827959
1.010554
0.859146
0.861169
0.999837
0.928505
0.779403
0.934079
1.02516
0.913607
0.876424
0.944295
0.717951
1.036218
0.786663
0.910949
0.853973
0.837306
0.83144
0.996843
0.909565
0.928102
0.865478
1.00823
0.751444
0.935402
0.785576
0.808703
0.849773
0.847531
0.903983
1.018049
1.007127
0.89749
0.833654
0.858885
0.94184
0.876545
1.139594
0.759524
0.916029
0.822399
0.829037
0.943059
0.938712
0.933971
1.131329
0.917469
0.940999
0.746794
0.838655
0.938185
0.904351
0.842235
1.038426
0.801557
0.949619
0.907733
0.931158
0.934666
0.901211
0.739548
0.982533
0.803609
0.834181
0.888944
0.794854
0.862058
0.817942
0.844314
0.902867
0.956172
0.837364
0.920971
0.881908
0.851769
0.842301
0.874294
0.791898
0.87037
0.912131
0.999304
0.904907
0.773838
0.907615
1.182285
0.796073
0.92106
0.914519
0.80662
0.816203
0.843009
0.948121
1.00768
0.847086
0.844716
0.908659
0.744567
0.985322
0.907646
0.991287
0.959798
0.978407
1.05862
0.908961
0.885817
0.863844
0.912665
0.944513
0.944932
0.754337
0.809987
1.097211
0.863631
0.793039
0.800617
0.818104
0.845643
0.97327
0.904261
0.827895
0.940214
1.141355
0.816373
1.003626
0.754702
0.80905
0.892388
0.897597
0.892007
1.273035
1.020049
0.842987
0.867901
0.881326
0.761515
0.899816
1.298647
0.913811
1.208442
0.939283
0.895803
0.890676
0.881363
0.993036
0.907031
0.892922
0.940883
0.868274
0.767474
0.969917
0.797469
0.900684
0.737261
0.913174
0.937513
0.867972
0.860685
1.059443
0.879822
0.835007
0.859815
0.898856
1.099725
0.890647
0.832404
1.182548
0.834177
0.860906
0.792159
0.951148
0.89129
0.849523
0.818726
0.818015
0.948828
1.109859
0.896713
0.775874
0.888548
0.988435
0.902064
0.889753
0.802247
0.876211
0.805175
0.88614
0.759285
0.906065
0.983151
0.979432
1.037972
0.826374
1.029293
0.888076
0.962559
0.732978
0.88681
0.874266
0.97211
0.955193
0.799471
1.131509
0.874853
0.92803
0.81977
0.911342
0.917117
0.924132
0.861743
0.881363
0.873483
0.824666
0.92735
0.826496
1.026028
0.890808
0.886869
0.773169
1.033339
0.845124
1.101343
1.232023
1.171984
0.930494
0.80021
0.993653
0.821162
0.956419
0.90936
0.975694
0.92591
1.214546
0.738621
0.928208
0.966044
0.842344
0.918237
0.903373
0.951102
0.878557
0.915215
0.971573
0.830692
0.957443
0.877734
0.848046
0.884182
0.742212
0.8984
0.950759
1.078304
0.837757
1.016163
0.827145
1.118646
1.00656
0.992595
0.971877
0.914313
0.881866
0.756238
0.898744
0.941703
0.859497
0.849023
0.903774
1.157584
0.829809
0.764631
0.844874
0.923702
0.954974
0.728266
0.873769
1.220841
0.873281
0.874703
0.911876
0.878485
0.991659
0.977417
0.888442
0.858874
0.835605
0.819313
0.954602
0.934698
0.869446
1.107045
0.903548
0.828758
0.889665
0.994428
0.797495
0.86461
0.834255
0.941775
1.028707
0.955903
0.845499
0.893873
0.900118
0.994306
0.877001
0.770774
0.854381
0.862732
0.887962
0.891893
0.852797
1.006088
0.909385
0.91853
0.916141
0.879719
0.942985
0.669062
0.85602
0.750438
0.85876
0.713514
0.910644
0.930436
0.91426
0.94507
0.891537
0.933431
1.074446
1.000377
0.962885
1.09337
0.882889
0.870252
0.834363
0.868918
0.900686
0.77374
0.925379
0.817898
0.87304
0.936025
0.994691
0.800376
0.968327
0.912419
0.907889
0.840326
0.794202
0.881362
1.037049
1.005994
0.951156
0.83985
1.005483
1.036363
0.92507
0.864431
0.944834
0.874801
0.908969
1.042142
0.736073
0.953299
0.894035
0.938643
1.112938
0.930983
1.493825
0.864083
0.80627
0.752472
0.737252
0.763012
0.883361
0.865885
1.10712
0.92601
0.973218
0.830404
1.062922
0.865114
0.949298
0.829259
0.910837
1.132467
0.793816
1.103825
0.967761
0.775309
0.914562
0.943603
0.805128
1.075618
0.86718
0.818807
0.808458
1.022126
0.932417
0.940266
0.858907
0.705476
0.825937
0.787291
0.911788
0.901467
0.787964
0.896351
1.249188
1.033615
0.825371
0.885019
1.372736
0.870017
0.944755
0.831162
0.795564
0.843219
0.929297
0.917277
0.865559
0.792566
1.080099
0.766142
0.917658
0.913631
0.893912
0.91179
0.903736
0.844262
0.793134
0.840628
0.911566
0.905722
0.953399
0.847673
0.826201
0.801277
0.913663
0.781186
0.941113
1.115713
0.785217
0.884543
0.86635
0.806315
0.884928
0.989433
0.883254
0.988242
0.813608
0.866497
0.919528
0.974516
0.815399
0.771422
0.811306
0.753427
1.160153
0.833137
0.826313
0.921063
0.892622
0.962401
1.005852
1.009818
1.083873
0.969242
0.912742
0.913592
0.871925
0.816411
0.86561
0.81223
0.880573
1.661221
0.911198
1.023803
0.942187
0.923266
0.825458
0.937905
1.404377
0.749556
0.940409
0.857316
0.942859
0.910008
0.757365
0.875341
1.003546
0.878103
0.7954
0.884381
1.57697
0.85991
0.904293
0.853378
1.111902
0.913172
1.12832
1.107461
1.279623
0.849533
0.82034
0.953602
0.876075
0.990339
0.877086
1.256906
1.019129
0.923013
1.021137
0.781995
0.801504
0.826969
0.892941
0.863654
0.907336
0.898607
0.98516
0.908902
0.837565
0.883091
0.770088
0.780339
0.885246
0.791113
1.003231
0.871672
0.873968
1.228723
0.888561
0.851315
0.923119
0.880001
0.909694
0.92997
0.922755
0.884315
0.881952
0.792031
0.927272
0.937964
0.918969
0.813253
0.980784
0.873815
0.798474
0.949763
0.900106
0.742343
1.553491
1.051305
0.801458
0.872709
1.009559
0.941981
0.953661
0.903063
0.752234
0.879681
0.996455
0.916311
0.891559
0.948097
1.033782
0.868867
0.872734
0.871189
1.010853
0.87762
1.002241
0.903085
0.911814
0.949233
0.909513
1.029465
0.794693
0.943089
0.928663
0.907409
0.892716
0.790274
0.883255
0.852795
0.791196
0.866477
0.75761
0.778887
0.836522
1.339246
0.988064
0.858547
0.779588
0.979666
0.89036
1.016946
0.836929
0.884289
0.840045
0.903127
1.299455
0.882486
0.960456
0.839132
0.844561
0.97061
0.821347
0.900234
1.478631
0.817253
0.971582
1.137331
0.714917
0.787101
1.037274
0.980271
0.845981
1.033799
0.944053
0.826581
0.936802
0.887234
1.118653
0.80111
0.896539
0.89246
1.098646
0.972518
0.864373
0.92308
1.630803
0.872734
0.90078
1.006898
0.80758
0.912191
0.843999
0.742791
0.737594
0.923559
0.946604
0.938596
0.850694
0.901949
0.988781
1.006523
1.067472
0.853812
0.8979
0.827503
0.910952
1.324186
0.860836
0.887458
0.825966
0.772483
1.011856
0.854336
0.84263
0.916875
0.914508
0.86153
0.802934
0.927199
0.938756
0.803933
0.948373
0.862536
0.95795
0.832529
0.832781
0.855374
1.050484
0.878224
0.969567
0.980113
0.925912
0.917572
1.067636
0.771834
0.927172
0.852911
0.723961
1.592709
0.903819
0.869188
0.883171
0.884552
0.831936
0.875902
1.434713
0.848963
0.975444
1.048104
0.902559
0.983234
0.934234
0.88368
0.961566
0.92777
0.811962
0.911985
0.844884
0.882964
0.941244
1.449744
0.805686
1.106257
1.071521
0.969223
0.79394
0.961246
0.881498
0.75765
0.824103
0.902308
1.008491
0.948815
0.917988
0.830036
0.837211
0.883298
0.999725
0.846972
0.780996
0.907182
0.779757
0.851157
0.912059
0.866234
1.065793
0.850455
0.912605
0.878528
0.757696
0.902995
0.822755
1.183298
0.876775
0.871953
1.098849
0.889759
0.922982
0.795907
0.990722
0.726841
0.819553
0.910976
0.77067
0.868743
0.874579
0.885666
0.834464
0.800072
0.941635
0.887002
0.909611
1.024664
0.760489
0.899798
1.218807
0.95371
0.822875
0.907342
1.095441
0.885148
0.960535
1.008153
0.832753
0.851571
0.929242
0.969564
1.016011
0.859152
0.72156
1.193913
0.834248
1.048301
0.907253
0.853222
0.883202
1.36043
1.116912
0.775843
0.891765
0.899473
0.797105
0.83809
0.97026
0.870686
0.836521
0.916909
1.095678
0.832008
0.8029
0.998948
0.811203
0.880372
0.859688
0.840098
0.887337
0.819509
0.93075
0.811196
1.184395
1.112119
0.875411
0.894574
0.923544
1.022225
0.964388
0.938354
1.028128
1.320712
0.901645
0.819318
0.885933
0.936245
1.002667
0.79789
1.110276
1.113283
1.088312
0.797865
0.842591
0.810533
0.741502
0.863511
0.933326
0.833086
0.918394
0.918741
0.865914
0.893415
0.828767
0.987261
0.944196
0.737948
0.937418
0.958301
0.807142
1.005055
0.889101
1.065667
0.778594
0.783379
1.012595
0.890012
0.835695
0.89371
0.914337
0.960616
0.797483
0.890134
1.634449
0.982169
1.004398
0.867113
0.89545
0.848518
0.915335
0.813072
0.873248
1.091797
0.868378
0.883243
0.749887
0.86764
0.958129
0.9223
0.760419
1.308799
0.93485
0.967016
0.826089
0.855414
0.959892
0.90851
0.799128
0.898836
0.926383
0.753618
1.004989
0.781093
0.781041
0.922301
0.843617
0.839545
1.00278
0.853729
0.869467
0.901973
0.913106
0.855136
0.816432
1.003617
0.954182
1.08357
0.949102
0.941277
0.825916
1.092699
0.92542
0.858244
0.982379
0.900985
0.934381
0.799231
0.858279
0.946306
0.972516
0.794856
1.106099
0.816034
0.880948
0.913783
0.948412
0.933782
0.781324
0.807762
0.959634
0.853948
0.810715
1.036176
0.957025
0.869904
0.980193
0.860872
0.884504
0.856054
0.897624
0.826127
0.997619
0.916946
0.9418
0.893113
0.959227
1.049969
0.986055
1.173971
0.853409
0.948996
0.835501
0.826569
0.838921
1.271872
0.915575
0.843845
1.013764
0.899554
0.899282
1.373587
0.861001
1.100477
0.804451
0.92116
1.015079
0.838718
0.948031
0.948407
0.887793
0.943299
0.944912
0.91162
0.861923
0.914251
0.892191
0.878627
0.881298
0.867571
0.9831
0.968161
1.031287
0.878645
0.892731
0.875124
0.849648
0.899872
0.902573
0.872347
0.900168
0.95294
1.003063
0.868295
0.965325
0.857297
0.869954
0.884071
0.840862
0.877681
0.934662
0.90594
0.965982
0.809768
1.064599
0.966092
0.886999
0.8175
0.933265
0.95688
0.963011
1.641083
0.836414
1.045567
0.777358
0.88524
0.780255
0.8757
0.765816
0.899434
0.901497
0.959596
0.85897
0.912044
0.883978
1.249292
0.880055
0.728897
0.742726
0.884867
1.057622
0.857465
0.773326
0.909772
1.070586
0.842061
0.881727
1.000813
0.921014
1.069331
0.870431
0.739753
0.969059
0.929093
0.881207
0.899418
0.81255
0.915686
1.518934
0.921879
0.851126
0.973686
0.858538
0.871902
0.834215
1.096918
0.912244
0.907928
0.80659
0.80152
0.919791
0.880978
1.168457
0.820113
0.849502
0.859286
0.862674
0.93319
0.86853
0.784543
0.924426
0.889255
0.898647
0.955625
0.978242
0.877824
0.935743
0.929418
0.785761
0.835494
0.968242
0.88296
0.869651
0.894144
1.094691
0.954693
0.930798
0.769032
0.844642
0.933571
1.103133
0.869556
0.925457
0.839174
1.353852
0.919254
0.769584
0.834026
0.782327
0.912637
0.970682
0.814657
0.801484
0.915161
0.891281
0.882035
1.000007
1.020136
0.90187
0.941392
0.954427
0.933849
0.816341
0.818595
0.893992
0.763973
0.888477
0.769749
0.830537
0.861955
1.260285
0.915393
0.786016
1.602616
0.863152
0.796027
0.849372
1.007604
0.873556
0.931431
1.20862
1.003221
1.630266
0.904661
0.931093
0.91492
1.009794
0.939472
0.913228
0.739775
0.969557
1.332176
1.011471
0.880601
0.844322
0.855622
0.862554
0.893646
1.11297
0.807704
1.589018
0.855106
0.907168
0.774742
0.876313
0.927579
0.901015
0.997941
0.924646
1.062269
0.83038
1.097323
0.933098
0.989477
0.8146
0.865173
0.762976
0.868098
0.987303
1.042651
0.999201
0.94289
0.810458
0.878762
0.942667
1.211411
0.772733
0.879794
0.789338
0.894328
0.932133
0.899196
1.136044
0.95973
0.915269
0.97102
0.926213
0.804301
0.911492
0.903083
0.891881
0.823437
0.915068
0.845917
0.818761
0.95045
0.937145
0.911219
0.96026
0.78689
0.848754
0.894463
0.956278
0.952057
1.018746
0.83919
0.784456
0.838246
0.91659
0.888947
0.825858
1.407794
0.844424
0.856481
0.892754
1.019408
0.869075
0.899387
0.788844
0.966719
0.82268
0.974255
1.236051
1.673983
0.823245
0.850158
0.851504
0.847212
0.78879
1.063494
0.969262
0.908297
0.899757
1.082516
0.858854
1.081426
0.835896
0.795454
0.9117
0.952126
0.969257
0.802258
0.938107
1.083314
0.935473
0.853261
1.145656
0.912403
0.840174
0.916121
1.20307
0.978352
0.80148
0.95655
0.911008
0.923689
0.755966
0.790538
0.812203
1.042709
0.936201
1.328673
0.837435
0.936636
0.754439
0.921879
0.908158
1.105996
0.838372
0.918203
0.78992
1.230502
0.90848
0.854668
0.893757
0.877049
0.84615
0.924979
0.851068
0.914204
0.97767
0.953949
1.136528
0.816071
1.447072
0.852286
0.895279
0.931355
0.845046
1.156257
0.874904
1.502203
0.930176
0.995101
0.722248
0.823668
1.233566
1.01865
1.115357
0.869496
1.037792
0.911383
0.879859
0.900642
0.814478
0.903695
0.79261
0.957075
0.838511
0.924891
0.991262
0.819388
0.901932
0.957471
1.012685
0.916935
0.873387
1.058227
1.066722
0.98117
0.941728
0.922342
0.942114
1.38761
1.063923
0.853338
0.89137
0.854798
0.788235
0.98471
0.917188
1.131778
0.905546
0.876978
0.902739
0.933501
1.557504
1.069345
0.969677
0.902202
0.852848
1.116273
1.038003
0.8467
0.975723
0.94022
0.993097
0.944426
1.006496
1.157621
0.808418
0.843017
0.815492
0.85391
0.940966
0.903875
0.862008
0.978403
0.835791
0.883991
0.803866
1.037269
0.781515
0.69951
0.821254
0.916517
0.860785
0.898181
0.941502
0.876928
0.811575
0.882027
0.846701
0.934252
0.878914
0.986665
0.976307
1.008218
0.90322
0.80076
0.988363
1.135854
0.771978
1.089019
0.907761
0.959974
0.896103
1.183386
0.848552
0.964347
1.014011
0.948654
0.862139
0.96644
0.804673
0.847642
0.938579
1.091981
1.389283
0.935281
0.832535
0.951703
0.92899
0.959631
1.020483
0.905719
0.861127
1.019223
0.745468
0.878243
0.982963
0.82068
0.816815
0.717305
0.875819
0.845382
0.827871
1.119199
0.965378
0.791125
0.847797
0.812184
0.961995
1.079463
1.246625
0.958226
1.092637
0.945038
0.898298
0.836899
0.895615
0.748313
0.911694
0.720892
0.851974
1.298243
0.812479
0.941035
1.092602
0.883146
0.817749
0.934551
0.963902
0.91769
0.828996
0.862825
0.842592
0.885017
0.787741
1.385817
0.940953
0.790665
0.804983
0.887344
0.821308
1.015026
0.853322
0.886679
1.011312
0.947575
0.83555
0.732529
0.807119
0.914873
1.006406
0.747818
0.930666
0.975336
1.649415
0.89584
0.859699
0.933962
0.730837
0.860652
0.99433
0.921143
0.903474
0.955161
0.861594
0.927618
0.876212
1.301798
0.841213
0.843236
1.158852
0.952653
0.844137
0.922053
0.897354
0.87895
0.892234
0.933257
0.884466
0.898777
0.871242
0.878722
0.861656
0.885064
0.885558
1.122672
0.872455
0.875705
0.833562
1.375061
1.04056
0.785123
0.868289
0.908575
0.876939
0.798809
0.797883
1.276809
0.894851
0.844618
0.95805
0.919588
0.805017
1.136908
1.157127
0.99302
0.894967
0.939212
1.392261
0.843165
0.774168
0.898856
0.940127
0.882281
0.85053
1.062272
0.886134
0.850683
0.921579
0.794856
0.865122
0.93977
0.799098
0.873308
0.825481
0.930445
1.007682
0.9061
0.873583
1.171307
1.089729
0.922032
0.977801
0.984243
0.786632
0.89436
0.89826
0.705372
0.851242
0.886132
1.319911
0.99066
0.847218
0.938997
1.047021
0.816032
0.932526
0.853337
0.859859
0.768617
1.167558
0.934068
0.858198
0.946725
0.78126
0.961882
0.863303
0.968519
0.930032
0.83037
0.895862
0.922985
0.978578
1.237196
0.841921
0.871716
0.906349
0.804306
1.375095
0.996164
0.849825
0.80878
0.999238
0.938985
0.798847
1.037775
0.945234
1.059394
1.461534
0.968917
0.972615
0.851567
1.296587
0.849019
0.89957
0.951337
0.884689
0.849153
1.671201
0.994618
0.921151
0.940093
0.887078
0.913195
1.187259
1.023494
0.778941
0.938793
1.031699
1.031728
0.809365
1.052584
0.934336
1.128415
0.984725
0.736739
0.947661
1.51373
0.840092
1.02921
1.434779
0.882961
0.936813
0.865444
0.807838
0.912189
0.944058
0.906573
0.875446
0.863952
0.908377
1.246532
0.828312
0.95293
0.9424
0.857657
0.917504
1.180526
0.806441
1.005952
0.983759
0.88439
0.818765
0.833961
1.076742
0.839142
0.862313
0.884166
0.830243
0.951053
0.824417
0.961391
0.969183
0.854238
1.590368
0.8792
0.804148
0.908308
0.813107
0.961924
0.818791
1.098175
0.884804
0.769764
1.066728
0.813771
1.639559
0.887038
0.864624
0.901996
0.745321
1.235568
0.86516
1.466932
0.8891
0.847018
0.963422
1.275094
0.833736
0.768329
0.898713
1.018461
0.888575
0.775949
0.875254
0.931361
0.84941
1.494058
0.902486
0.938073
0.954971
0.938937
0.917183
1.371732
0.867206
0.884184
0.878228
0.925372
1.054632
0.777167
0.912603
0.800694
0.932533
0.94288
0.936689
1.125982
0.97721
1.01136
0.877299
0.841146
0.965787
0.925721
1.556562
1.177758
0.963555
0.794304
0.874799
0.96647
1.100468
1.0989
0.985763
0.791738
0.989808
0.939023
0.900256
0.865711
1.505774
0.921867
1.007646
0.92068
1.545053
1.162062
0.905096
0.871054
0.856743
0.7025
0.875301
0.878937
1.196416
0.818722
0.87332
0.874907
0.930142
0.794216
0.796866
0.807464
0.889108
0.846149
0.960094
0.968784
0.886178
0.942703
0.900389
0.852315
0.879803
1.043048
0.850867
0.978067
1.288566
0.76529
0.845027
1.055378
0.960068
0.972194
0.901739
1.066666
0.91168
0.806506
0.895997
0.946542
1.140446
0.953723
1.263414
1.025636
1.401941
1.011911
0.798298
0.803179
1.169555
1.528803
0.78242
0.805808
0.806507
1.35984
0.84897
0.907272
0.856137
0.953771
0.843538
1.142185
0.876317
0.844603
0.835281
0.986564
0.876111
0.788749
0.957026
1.722916
0.890127
0.798157
0.987455
0.756498
0.898716
0.957592
0.845719
0.897563
0.893317
0.948094
0.893885
0.973752
1.236877
1.284342
1.225954
1.030971
0.905554
0.808433
1.275021
0.755659
1.011585
1.027471
1.597033
0.923473
1.06402
1.031599
0.843954
1.004237
0.957005
1.010873
0.975659
0.956353
1.031239
0.862904
0.882489
0.867838
1.084717
0.862448
0.972529
0.86748
0.97947
0.842429
1.083758
0.775934
1.026463
0.881539
0.861588
0.79567
1.348165
0.849441
0.991719
0.918074
1.077443
1.432413
0.869358
0.946387
0.840308
0.723134
0.831657
0.867452
1.114534
1.016415
0.961168
1.054471
0.763396
0.90316
0.756141
0.780769
1.149955
0.893159
0.876798
0.989547
0.970598
0.973294
1.130565
1.102054
0.968539
0.763463
0.751089
1.178448
0.840467
0.813539
0.787063
0.981644
1.059926
0.947774
0.889612
0.81646
0.696358
0.992736
1.010799
0.824648
1.256478
0.960345
0.917794
0.908967
1.057266
0.886816
0.818738
0.998496
1.104189
0.892352
0.879175
0.733481
1.110761
0.807924
0.713326
0.900839
0.859413
0.985097
0.881046
0.941446
0.879677
0.840327
0.869214
0.987361
0.865878
1.371619
0.861306
0.877673
1.424068
1.043174
0.897152
1.191656
0.989111
0.814647
1.080655
1.183967
0.883484
1.067927
0.896288
1.056276
0.948436
1.01536
0.926446
0.85768
0.899108
1.009348
0.958726
0.862449
0.958375
0.775184
0.921965
0.851081
0.994385
0.911056
1.078081
1.01749
1.41262
1.113747
0.938631
0.846248
0.98052
1.683664
0.771669
0.998389
0.888957
0.892359
1.278612
0.797988
1.346141
0.899958
0.954563
1.019293
0.870242
0.8309
1.192112
0.780692
0.849211
0.909585
0.959144
0.78376
0.742289
1.017867
1.034457
1.046455
0.895928
1.348758
0.946717
1.227685
0.902186
0.964287
0.875624
1.131534
0.999692
1.082515
0.908732
1.468694
1.366282
1.559641
1.335423
1.086222
1.000676
0.96742
0.886197
0.90702
0.896543
1.285639
0.973217
0.899323
0.962192
1.21007
1.024859
0.860805
1.096506
1.022407
0.867884
0.784642
1.345502
0.968281
0.993733
0.851093
1.11927
0.811816
0.881538
0.903578
1.113416
0.95092
0.920044
0.943557
0.852289
0.897464
0.982085
1.589721
0.842029
0.87472
1.264228
0.731442
0.988465
0.802269
0.779562
1.496833
0.938361
0.728193
0.871943
1.001511
0.934492
1.02384
0.928683
0.835087
1.013152
0.988727
0.722859
0.728156
0.959235
0.79059
1.368307
1.394339
0.853439
0.885451
0.894428
0.848493
0.840597
0.901009
1.209211
1.198077
0.816729
0.930371
0.946949
0.995051
0.9198
0.737045
1.032088
0.759827
0.871984
0.893918
1.113828
0.874147
0.973963
0.98178
0.889594
0.820339
0.919282
0.907626
0.969901
1.087621
1.240141
0.74378
0.810162
1.21398
0.969386
0.933206
1.391872
0.936757
0.983252
0.864881
0.934396
1.030403
0.995179
0.945254
1.154195
0.82887
1.19284
0.908416
0.921998
0.933437
0.995306
1.029896
1.035121
1.118914
0.951494
0.830599
1.186033
0.944345
0.810877
0.96779
1.152216
0.76139
0.973759
1.031102
0.914649
0.96651
1.347904
0.97749
1.653101
0.866526
0.940187
0.986402
0.930357
0.890057
0.94076
0.796909
0.852908
1.07272
0.849072
1.017197
1.039209
0.994809
0.946944
0.923305
1.580834
0.943686
1.056361
0.942589
1.133533
0.833906
0.893514
0.875261
1.121152
0.767216
0.922073
0.926087
1.007715
1.03413
0.946164
0.916506
1.175559
1.51712
0.899803
1.066505
0.949067
1.121242
0.956792
0.935996
1.284036
0.908312
0.927386
1.005662
0.866706
1.220907
1.424401
0.974011
0.971945
0.924746
0.88995
0.951594
0.835219
1.501591
0.855851
1.027411
1.291429
0.892685
1.12416
0.770246
0.962091
0.964948
0.998801
0.821701
0.95232
0.869293
1.514171
1.425074
0.852302
1.296436
0.909176
0.97825
0.973481
0.719336
1.35509
0.813359
0.997701
0.900399
1.334695
0.907232
1.030871
0.959722
0.824281
0.836038
0.911246
1.100424
0.982454
1.088597
0.76488
1.000154
1.619267
0.930261
0.930372
0.687764
1.041616
0.852507
0.993628
0.972858
0.990624
0.83969
1.059817
0.823362
1.421682
1.248629
1.195589
0.956093
1.308645
1.526157
0.904715
0.918231
1.034132
1.212288
0.919452
0.96203
0.857084
0.780302
0.932297
0.938611
0.91552
0.902255
1.221249
0.936696
1.125222
1.036927
1.69419
0.952837
0.96655
0.808658
0.930994
0.925797
1.52198
0.969637
0.899092
0.980634
0.929836
0.750155
0.853899
1.029937
1.141506
1.114266
0.895945
0.963506
0.875442
0.950326
0.899827
1.263483
1.376002
0.803479
0.710734
0.995141
1.42805
0.902362
0.894769
0.881683
1.307699
0.948409
1.848364
1.084859
0.713079
1.231499
0.844497
0.932164
0.808641
0.78334
1.032449
0.85889
0.842749
0.8974
0.926152
0.977318
1.152064
0.888206
1.100243
0.900281
0.850351
1.625541
1.025804
1.241675
0.991727
1.019943
0.977429
1.045881
0.870633
0.970616
1.771512
0.958351
0.755291
0.841026
0.98757
0.879874
1.199166
1.193109
0.974402
1.491282
1.219996
1.429452
0.776222
1.003906
1.094181
0.974672
0.782685
0.817668
1.022496
1.209283
0.891924
0.745801
1.327659
1.600648
0.952942
1.063231
1.081763
0.900644
0.896483
1.552832
0.785347
0.851784
1.489109
0.877378
0.850215
1.070429
1.041849
1.265662
0.936672
1.011892
0.77584
1.011573
1.402221
1.191722
1.325743
0.98893
0.940024
0.97507
0.800322
1.247424
1.026139
1.348619
1.041272
1.318943
1.509983
0.852291
1.543995
1.412842
1.130631
0.908202
0.835482
0.984918
0.943861
1.273458
0.839672
1.284054
1.4718
0.992384
1.11001
0.912801
1.613064
1.140305
0.81104
1.214762
0.899589
0.795024
0.817099
1.335097
0.723507
0.819494
0.724187
1.417874
0.847613
0.958088
0.954403
0.950619
0.95412
0.994508
1.019959
1.435579
0.931465
1.339672
0.763663
1.541887
0.84657
0.855377
1.503867
0.789847
1.438738
1.378106
0.873206
1.257606
0.691429
1.070292
1.296421
0.985989
0.992146
0.843624
1.521053
1.346436
1.006616
0.96116
0.740661
0.961283
1.02053
0.992457
0.975193
1.5467
0.779364
0.994676
0.849549
1.12347
1.101292
1.04924
1.400667
0.99754
0.719584
0.962451
1.371094
0.835977
1.184616
1.443663
1.075706
0.990399
0.934318
0.920243
1.030353
1.04715
0.947391
1.486273
0.838869
0.954713
0.88261
1.175386
0.929338
1.533154
1.03066
0.967609
0.874869
1.479232
0.977435
0.866513
1.077009
0.868065
0.980962
0.970224
1.523878
0.820456
1.139336
0.842156
0.929373
0.943633
1.64767
1.431057
0.92117
0.853301
1.175822
1.206316
0.923369
1.202229
0.840045
0.986047
0.841523
0.974707
0.977769
0.798234
1.289148
0.855032
1.093878
0.800782
0.784772
0.934907
0.921095
0.869008
1.229369
0.943591
1.165917
1.031599
0.77945
0.944852
0.871985
0.945061
0.928839
1.03062
0.91683
1.345785
0.946721
0.830006
0.74749
1.634869
1.24427
1.351391
0.797346
0.837766
0.794177
0.937443
0.780548
0.947149
1.362577
1.11321
1.245735
0.992398
0.922835
0.807222
0.995137
1.395554
0.922706
0.941219
0.946334
1.480707
0.786436
0.991742
0.80399
1.421648
0.772062
0.737923
0.997434
0.883229
0.911701
1.202125
1.226736
0.922095
0.834299
1.124342
1.429743
1.247774
0.825706
0.753057
0.944096
0.824059
0.927085
0.806928
1.311759
0.799644
0.948435
1.006048
1.370219
1.238545
0.737433
1.455953
0.727479
1.559341
1.127728
1.342577
1.523974
1.201445
1.084426
1.099328
0.72756
1.320565
1.343408
0.820398
0.749864
1.637373
1.430547
0.953751
0.974282
1.552675
1.185508
0.971191
0.867611
0.88622
0.875532
1.570289
0.790493
1.540796
1.726745
0.994607
1.503826
0.825976
0.946201
0.747387
0.736844
1.035367
1.393879
1.108659
1.554646
0.872358
1.248456
0.739233
0.846379
0.844007
0.792726
1.263261
0.766388
1.059878
0.891845
1.083571
1.189917
0.837572
0.922481
0.834881
0.763457
0.765892
1.418453
0.842683
1.118116
1.36631
0.890328
1.52173
1.614853
0.703644
1.442109
1.293481
0.9103
0.813815
1.424693
1.616565
0.759505
1.564231
1.090976
1.362386
1.540214
0.863022
0.832315
1.118767
0.869479
1.025996
1.516302
1.136093
0.758234
1.022998
0.922532
1.39509
0.830012
1.476978
0.983431
1.30028
0.754966
0.956348
0.704279
1.003146
1.585383
1.418861
1.331475
0.911253
1.491032
1.28342
0.711474
1.40716
1.171833
0.970238
0.920087
1.036515
0.847783
1.552374
0.836852
0.761935
1.546182
1.475701
1.561291
0.816535
1.001911
1.589243
1.377598
1.11331
0.787262
1.223526
0.867948
1.320449
0.907689
1.086287
0.786601
1.308186
1.571933
1.110397
1.375372
1.393717
0.782091
1.247322
1.647964
0.893403
0.827691
1.21317
1.284426
0.781649
1.002864
1.231927
1.376835
0.860496
0.784642
0.784824
0.899177
1.259188
1.249484
1.511119
1.676898
0.834153
0.975271
0.775396
1.011929
0.9327
0.926576
1.27352
1.239679
0.945098
1.219937
0.847796
0.925169
1.29797
1.44812
0.839325
0.933904
1.264891
1.634137
1.218881
0.775817
1.356287
1.310517
1.428951
0.852596
0.909324
1.281759
0.848431
1.619647
0.895194
1.088496
1.323132
1.410355
0.769881
0.77181
0.844637
1.417617
1.299871
1.223805
1.495223
1.41413
1.005909
1.319931
1.03127
0.834718
1.635744
1.277223
1.739773
0.93117
1.006103
1.459432
0.991197
1.147945
1.299017
1.055363
1.151318
1.076176
0.914321
1.412518
0.840871
0.959479
0.860358
1.58195
1.184538
1.110894
0.901554
1.076586
0.996562
1.374776
1.01688
0.759553
1.028656
0.918301
1.090331
1.591562
0.997256
1.034167
1.359216
1.159766
1.080919
0.943046
0.853516
0.862165
0.862579
1.462905
0.74954
0.997943
0.872741
1.032522
0.915662
1.178389
1.540835
0.875305
0.794417
1.368449
0.84723
1.289351
1.451649
0.896315
1.022584
1.173139
0.909665
0.843025
1.018154
1.179191
0.929761
0.918294
0.919382
1.627715
0.921653
0.78443
0.901129
1.530818
1.101747
1.478129
1.085165
1.248232
0.803383
0.961859
0.875631
1.108509
0.980789
1.376537
0.782938
1.28569
0.787774
1.619057
0.857238
0.999239
0.990877
1.489434
0.898264
0.980398
0.74457
1.511416
1.774357
0.968062
1.587908
1.317418
1.297204
1.524219
1.021929
1.296339
0.959626
0.92158
0.858389
1.683495
0.787585
1.234734
1.021088
0.805636
1.185479
1.326152
1.534264
1.457654
0.745494
1.401598
0.853999
1.447038
0.916992
1.091218
1.120243
0.883282
0.902781
1.789342
0.998366
1.174544
0.795631
1.095287
1.146141
0.797403
1.24677
1.045649
1.416168
1.497851
1.156949
1.206041
0.935858
0.80832
1.307577
1.267758
0.993429
1.196439
1.570743
1.330994
0.913299
1.50179
1.292119
1.202365
1.362174
1.364143
0.843395
1.168126
0.806471
0.946099
0.84442
0.863252
0.857089
1.08663
0.91377
0.982136
0.909825
1.139489
0.868405
0.892638
1.204472
0.957903
1.417207
0.999242
0.881703
1.36398
1.017319
0.910821
1.472336
1.595251
0.949753
0.966119
1.035804
1.225119
1.583066
0.874674
0.876302
1.540592
1.336376
1.397504
1.409522
1.662272
0.932526
1.49647
1.052025
1.110025
0.780683
1.477313
1.377731
1.219754
1.563337
1.56551
0.741621
0.879243
1.646917
1.353984
0.742708
0.886892
1.028285
0.920369
0.847212
1.640224
0.822685
0.830327
0.916326
1.496777
1.394777
1.139223
0.800485
1.111889
1.015235
1.528883
1.486527
1.399422
0.745522
1.196026
1.424306
1.54343
1.24803
0.954869
1.270632
0.97155
1.482902
0.878052
1.299373
1.409345
1.292104
1.388537
0.851725
1.328288
0.873826
1.117345
1.611137
1.543366
1.495462
1.233778
1.415921
0.81203
1.633078
1.565282
1.385439
1.157205
0.818916
1.311887
1.326241
1.508554
0.799309
1.33163
1.374189
0.719097
1.603334
1.27429
0.894309
1.341724
1.511212
0.858475
1.158493
1.431692
0.79598
0.842064
0.752804
1.102015
1.310639
1.369307
1.108194
1.473274
1.120524
1.510616
1.043596
0.886487
1.024744
1.009231
1.165478
1.246142
0.907649
1.395343
0.956629
0.729933
1.191892
0.991909
1.229148
1.018126
0.789656
0.766682
1.068954
1.203151
1.0079
1.205387
0.893761
1.490972
1.541312
0.856423
1.462508
0.76681
1.052803
0.800004
1.156001
1.188847
0.813288
1.067384
1.143481
1.593617
0.773187
1.475486
0.906408
1.237889
1.434473
0.917709
0.846108
1.015685
1.11467
1.279435
1.434103
1.063841
0.91272
0.950146
1.211376
0.763283
1.397838
0.868604
1.265226
1.222442
1.707428
0.893658
0.875131
0.748086
0.847023
0.912624
1.131018
0.934406
1.437847
0.943942
0.870777
1.430039
1.032035
1.393493
0.908115
0.928791
1.389593
0.863269
1.505095
0.751226
1.416049
0.870004
1.081973
0.786382
0.83225
1.382511
0.825106
1.448936
0.90662
1.649545
1.478284
1.403375
1.094919
1.378439
1.500834
0.881937
1.384415
1.364943
0.865523
1.199623
1.429008
1.496517
1.259463
1.101151
0.975793
0.789798
0.823561
0.979183
0.869234
0.875134
1.57024
1.152196
1.399894
0.853107
1.55315
1.436093
1.047235
1.623464
1.403057
1.05624
1.561231
0.897041
1.41884
1.131453
1.378797
0.767415
1.11879
1.311107
1.480623
1.474416
0.746578
0.804456
0.994411
0.786116
0.819301
1.009095
1.021186
1.32689
1.524955
1.633372
1.302021
1.099766
1.284652
1.369304
1.497237
1.010968
1.41927
1.124959
1.349722
0.845955
1.24787
1.28589
1.394363
0.956982
1.674882
1.038322
1.304435
1.500893
1.237672
1.208258
0.828942
1.515133
0.858304
1.011874
1.445545
0.820061
1.495455
1.427276
1.055772
1.680305
0.913328
0.882826
0.894321
1.018119
1.288157
1.30687
1.405996
1.277675
1.643426
1.189254
1.214874
1.224589
1.580538
0.924473
1.347677
1.407739
1.413064
1.440011
1.020402
1.356172
1.019005
1.610525
1.0629
1.613449
0.989567
1.491489
1.584448
1.328749
1.120769
1.106413
1.503113
1.567242
1.361186
1.695192
1.387684
1.593161
1.412561
0.887444
0.866885
0.757097
1.007743
1.307485
1.620824
1.409075
1.156639
1.366207
1.011389
0.872391
1.460819
1.36118
0.883762
1.091378
1.245721
1.151875
1.177433
1.393946
1.741671
1.25929
1.673258
1.029807
0.977087
0.850469
1.231468
1.070739
0.933258
1.366297
1.140149
0.838731
1.232058
1.261591
0.893943
1.397371
1.408616
1.343912
0.852136
1.709798
1.420699
1.217482
1.492213
1.382663
0.810462
0.886331
1.430863
0.840917
1.168875
1.511932
1.028108
1.33982
1.352172
1.377886
1.455288
1.21174
1.5039
1.494624
1.608865
1.475885
1.119186
1.254907
1.41117
1.031912
1.226407
1.283307
1.327705
1.042006
0.877804
0.881641
0.945422
1.075499
1.059125
1.41095
1.074586
1.562836
1.27215
1.141655
0.812751
0.82419
1.296618
1.253745
0.870766
1.419143
1.610188
1.269709
1.474944
1.182569
1.547044
1.362119
1.380004
1.266945
1.001106
1.103018
0.827198
0.875321
1.373797
1.353576
1.613191
1.247693
0.818883
0.942082
1.356332
1.016156
1.266544
0.881031
1.505414
1.441524
0.776025
0.957628
1.132983
1.166032
1.016815
1.209308
1.050467
1.764097
0.892965
0.797242
0.792471
0.986312
0.768684
0.980196
0.850287
0.955514
1.108776
1.244371
1.597835
0.949807
1.504282
1.100842
1.541057
1.301282
1.257342
1.567307
1.668534
0.873926
0.810504
0.869942
0.977484
0.827917
1.243462
1.683294
0.887435
0.854399
1.549917
1.37883
0.809449
0.792739
1.326771
1.199527
0.790182
1.277019
1.442287
1.419024
0.915007
0.906839
1.351
0.768484
1.387764
0.93277
1.401702
0.800323
1.399056
0.842313
0.923361
0.862549
0.793027
1.160358
0.7906
1.539035
0.908231
1.3045
1.02704
1.512075
0.826764
1.390296
1.798894
1.279127
1.132953
1.236654
1.774543
1.574444
1.601148
1.322396
1.494715
0.89676
1.350674
0.791311
1.387025
0.765789
0.798487
0.75983
0.842579
1.195554
1.364138
0.818703
0.990187
1.041432
1.101133
0.797386
1.588816
0.911796
0.989498
1.147655
0.815095
1.211858
1.516786
0.935581
0.751366
1.387017
1.310752
1.259049
1.241994
1.31572
0.962542
0.952594
0.858374
1.213543
1.278233
0.930672
1.370202
0.810631
0.860242
1.573004
0.850735
1.294446
0.747182
1.409028
1.419704
1.598639
1.019867
0.760405
1.031953
1.402327
1.565444
0.953237
1.040347
1.022068
1.366523
0.846555
0.838903
1.200418
1.243531
1.080314
1.326099
1.27714
1.401872
1.073049
1.335708
1.077146
1.597658
1.116746
0.830455
0.998835
0.869037
1.484107
0.826081
1.214586
1.078749
0.912981
1.362181
1.576732
1.532378
1.256548
1.59491
1.367774
1.546414
0.886577
1.426781
1.300058
1.365212
1.086823
0.896773
1.378269
0.870057
1.298032
1.52984
1.3567
0.976553
1.398738
1.636144
1.310036
1.373137
1.119488
1.478946
1.497119
1.440574
1.364603
1.224551
1.274566
1.410352
0.871874
1.330578
1.200747
1.173779
1.368576
1.411434
1.390125
1.328036
1.189304
1.077738
1.110032
1.567059
0.772049
1.527152
1.367207
1.028751
1.555493
1.327448
0.887784
1.49049
1.261162
1.33842
1.575326
1.343987
1.609932
1.402376
0.955742
1.632306
1.268206
1.181712
1.285841
1.346855
1.623891
0.763305
1.488346
1.433305
1.131785
1.172728
1.239515
1.402677
0.993101
1.271439
0.967607
1.102889
1.007108
1.350346
1.241243
1.07864
1.380327
0.835992
1.771913
0.802201
1.229122
1.196932
0.983072
1.279111
0.961889
1.32025
1.295831
1.442976
1.598236
0.854453
1.415711
0.830357
1.323906
1.316566
1.428136
1.144085
1.189703
0.997233
1.358266
1.089117
1.283929
1.782728
1.788868
1.356834
1.20628
0.881522
1.213084
0.817725
1.360966
0.774318
1.167666
1.545339
1.23867
1.502334
1.34763
1.239928
1.240024
1.399184
1.388048
1.175351
1.225137
0.964979
1.34314
0.874141
1.36584
0.784356
0.825476
1.168316
1.30252
1.431462
1.600463
0.896698
1.409899
0.962642
1.225277
1.331636
0.880742
1.328305
1.136632
0.977486
1.415959
1.535064
1.306801
1.288242
1.245909
1.336696
1.062677
1.170421
1.133708
1.443061
1.525806
1.267505
0.828165
0.829853
0.849366
0.829391
1.352057
1.293593
0.760177
1.24973
1.383178
0.837993
1.24821
1.503336
1.504049
1.293411
1.243765
1.568164
1.318105
1.410101
1.394524
1.337864
1.296343
0.782553
1.491341
1.344074
0.942537
0.938063
1.29535
1.253269
0.951981
1.394578
1.369514
1.529126
0.86664
1.554349
1.392165
0.776656
1.610586
1.031348
1.324943
1.405551
1.529622
1.304936
1.332281
1.07246
1.452603
1.129576
1.012803
1.166347
1.448417
0.802538
1.302067
1.371835
1.019515
1.301066
1.392553
1.41186
0.913113
0.824984
1.314334
1.598456
1.235062
0.841808
1.385531
1.607703
1.303835
0.896554
0.798015
1.400298
1.589847
1.362899
1.231665
1.586761
1.17514
1.318295
0.920527
1.222959
1.371243
1.224368
0.809487
0.951751
1.136697
1.353466
1.603013
1.182772
0.704935
0.964831
0.902778
0.878003
0.864529
1.217143
1.375885
1.464735
0.860561
1.476237
1.487875
1.325501
0.811224
1.151499
1.391904
1.155208
1.305642
1.452309
0.93467
1.127843
1.406572
1.075559
1.350921
0.84512
1.437835
0.854576
0.773782
0.81165
1.025478
0.879706
0.867706
1.301094
0.804201
1.542339
1.612553
1.401721
1.388219
1.280499
1.537329
1.384889
0.925655
1.532575
1.791522
0.79382
1.467694
1.579114
1.317061
1.118806
1.374935
1.266607
0.980481
1.630919
0.841011
1.22696
1.248519
1.507662
1.705891
1.022574
0.850271
1.324929
1.665798
0.798177
1.611209
0.974721
1.547266
1.278761
1.28916
1.42636
1.574821
0.933941
1.407302
1.440925
1.391343
1.189343
1.513822
1.622695
1.079209
0.812876
1.045699
1.179964
0.817911
1.719279
1.400972
1.068392
1.588074
1.252754
1.24883
1.295827
0.878404
1.154124
1.585493
1.649433
1.649973
0.833411
1.430744
1.002188
0.811401
1.245883
1.550622
1.265514
0.935453
1.645249
1.329984
0.9687
1.779227
1.495047
1.563123
1.409974
1.635485
1.529803
0.887311
1.485926
1.423768
1.213474
0.908204
1.551143
0.845343
0.98538
1.450273
1.188442
1.402951
0.897023
1.538971
1.245844
1.435111
1.498586
1.130587
1.338197
1.428076
1.458427
1.617222
0.999715
1.24
1.392944
1.482758
1.43995
1.219034
1.538184
1.335086
1.243207
1.216504
1.435079
1.338814
1.597349
1.672243
1.271233
1.394299
1.590965
0.953732
0.839866
1.222436
1.26567
1.520784
1.497618
1.488103
1.563544
0.994848
1.458944
1.636249
0.849219
1.17485
0.971824
1.119974
0.755728
0.924451
1.589171
0.985357
1.588391
0.755092
1.385269
1.374501
1.686882
1.589333
1.58045
1.376428
1.467608
1.214915
1.350551
1.29735
0.858158
1.225261
0.872879
1.240372
1.367512
1.584253
1.307551
1.354493
1.248254
1.554633
1.426735
0.822757
1.430028
1.223729
1.530687
1.62042
0.891844
1.349205
1.171091
1.26281
1.359056
1.564633
1.117628
0.789992
1.019634
0.884736
1.176764
1.56148
1.580093
1.134493
1.452206
1.671381
1.302677
1.151784
1.044476
1.164658
1.616521
1.356911
0.851279
1.5349
0.824655
1.5253
1.491116
1.548145
1.477158
1.842403
1.788076
1.03304
1.18585
0.820285
1.425472
1.375418
1.303145
0.801766
0.813219
1.763071
1.63612
1.534555
0.940877
0.85283
0.896899
0.782741
1.67522
0.779809
1.310594
1.416374
1.099187
1.396044
0.894999
1.175231
0.804333
1.191299
0.840707
1.505044
1.312345
1.342542
1.279643
1.248711
1.352197
1.667327
1.42962
0.935799
1.803671
0.957336
1.840823
1.515606
1.530462
1.616545
1.073585
0.865605
1.602417
0.929251
1.31282
1.231751
1.073685
1.216736
1.4162
0.794036
1.420419
0.772899
1.457718
0.925364
1.209669
0.855103
0.919382
1.36726
0.90921
1.765908
1.545957
1.304571
1.561657
0.818991
1.528325
1.176183
1.508176
1.300084
1.448353
1.414895
1.504393
1.279462
1.399326
1.525052
1.477394
1.486976
0.912343
1.203007
1.617905
1.225009
0.899914
1.528839
1.135914
1.098989
1.562722
1.279782
1.152153
0.916103
0.779192
0.825866
1.382685
1.392705
1.493755
1.598751
1.417587
1.211448
1.346765
1.312717
1.754871
1.526173
1.575101
1.620491
1.003722
1.467996
1.4015
0.894771
1.486262
1.272487
1.216203
0.808687
1.33867
1.135313
1.555011
0.966652
1.410594
1.493862
1.760332
1.2993
1.442755
1.515132
1.44642
1.727283
1.414489
1.80643
0.976453
1.633871
1.552957
1.267675
1.208916
1.162255
1.38091
1.296188
1.214416
1.469792
1.565628
1.18924
1.283465
1.290104
1.612647
1.381147
1.54457
1.550995
0.817627
0.938991
1.496341
1.166928
1.296587
1.171078
1.176681
1.50982
1.376375
1.010062
1.270367
0.838196
0.887569
1.727734
0.958305
1.13864
0.94127
1.288415
0.843421
1.602011
1.583295
1.382883
1.529485
1.281296
1.276931
0.993149
1.393554
1.470025
0.851746
1.263586
1.222412
1.167482
1.69791
1.192408
1.381754
1.125385
1.753224
1.409148
1.147299
1.224058
1.222743
1.589039
0.767226
1.206793
1.351279
1.178908
1.32235
1.177823
0.884144
1.295985
1.182845
0.814812
0.870925
1.152636
0.83568
1.581193
1.30284
1.360488
1.34564
1.307204
1.427168
1.207732
1.532197
1.415845
1.107487
1.597107
1.490613
1.654033
1.212332
0.981069
1.155895
1.439853
1.170817
1.236559
1.203598
1.475561
1.582662
1.616782
1.331529
1.388937
1.098083
1.493708
1.787868
1.53788
1.664739
1.426548
1.60539
1.073459
1.512179
1.431354
1.250312
1.519606
1.263441
1.127191
0.838834
1.644957
0.955054
1.287625
0.868996
0.931272
0.82639
1.202282
0.789351
1.585329
1.441912
1.218449
1.269007
1.597252
1.317532
1.570174
1.032388
0.864075
1.315482
1.585062
1.326188
1.178672
0.818821
1.047124
0.925216
1.642783
1.657897
1.21809
1.391983
1.702454
1.620605
1.778524
1.609085
1.749765
1.017986
1.313855
0.934332
1.392616
1.098828
1.155588
1.274257
1.354404
1.344662
1.24775
1.187851
1.341565
1.312749
1.585084
1.578013
1.505863
1.438369
1.713868
1.302931
1.397072
1.507575
1.165369
1.228587
1.287355
1.319974
1.514009
1.815924
1.585688
1.181475
1.690775
0.874099
1.754316
1.037289
1.429255
1.760131
1.539333
1.222534
0.830202
1.559877
1.694922
1.568063
1.267973
1.297353
0.950765
0.965177
1.527512
1.261586
1.367685
1.065615
1.473893
1.535755
1.506302
1.226972
1.52153
1.536234
1.579071
1.560626
1.776641
0.733635
1.088254
1.128669
1.258235
1.563435
1.621253
1.414759
1.291369
1.331475
1.505518
1.613728
1.620746
1.481232
0.960044
1.497335
1.672337
0.840993
1.563381
0.733331
1.593259
1.347782
1.493476
1.508757
1.382669
1.404587
0.98687
1.575897
1.545353
1.689355
1.353307
1.561458
1.524282
1.23774
1.614791
1.114457
1.269142
0.850203
1.552155
1.301292
1.236172
1.247164
1.578053
1.402771
1.538917
1.563897
1.510616
1.740933
1.143263
1.28193
1.533246
1.15407
1.374299
0.852723
1.395233
1.20101
1.341213
1.663922
1.010062
1.674764
1.581654
1.683731
1.320821
1.559896
1.348127
1.161843
0.739136
1.563461
1.106529
1.561384
1.604802
1.321538
1.255461
0.808766
1.325193
1.153556
1.649221
1.374341
1.009275
1.58268
1.485653
1.554475
1.574723
1.40665
0.904937
1.417744
1.654248
1.528
1.560405
0.832632
1.065313
1.422705
1.579341
1.225963
1.431756
1.774868
1.501226
1.366429
1.309508
1.753963
1.426447
1.779172
1.524895
1.296081
1.37357
1.389327
1.117509
1.113026
1.121928
1.379817
1.47542
1.522287
1.084544
1.470216
1.004667
1.206321
0.810258
1.050675
1.578742
1.237255
0.822961
1.358988
1.614063
1.077151
1.184912
1.193839
1.314478
1.747776
0.876708
1.320042
1.054953
1.454569
1.652413
1.418589
1.616196
1.417189
1.559278
1.17818
1.361894
0.987648
1.525975
1.738942
1.333306
1.16839
1.003526
1.28972
1.263179
0.902132
1.677117
1.342336
1.513271
1.422478
0.967283
1.501908
1.27413
1.252946
0.858223
1.763972
1.415725
1.161051
1.226522
0.797392
1.323389
0.80688
0.986869
1.281555
1.318956
1.335924
1.690923
1.354824
1.01502
0.932069
1.742965
1.325273
1.491773
1.236883
0.977026
1.025391
1.500951
0.918224
1.032145
1.286088
1.497635
0.808971
1.423006
1.544004
1.697913
1.423087
1.330005
1.565482
1.0497
0.894069
1.448468
1.017489
1.545545
1.595738
1.391205
1.273866
0.836964
1.470948
1.379023
1.326699
1.823473
0.850702
1.389709
1.330704
1.585049
1.293063
1.104092
0.797092
1.544195
1.177173
1.446842
1.37633
1.436076
1.238621
1.451944
1.354112
1.357836
1.273333
1.288456
1.365226
1.60194
0.939313
1.455186
1.389845
0.920951
0.818593
1.260636
1.246143
1.589232
1.257071
1.346855
1.261244
0.884379
1.756642
1.809189
1.726756
1.665547
1.543805
1.532974
1.224274
1.371631
1.168015
0.867455
0.876957
1.515304
1.326126
1.410975
1.500648
1.501066
1.816021
1.588967
1.234854
1.356776
1.610898
1.393495
1.613091
1.24267
1.736932
1.667376
1.166199
1.405738
1.75945
1.600336
1.427432
1.532336
1.394301
1.558977
1.545677
1.501808
1.448736
1.475756
1.311603
1.188158
0.828833
1.568608
1.586401
1.322145
1.538841
1.287888
1.430029
1.281732
1.075501
1.393034
1.387542
1.557121
1.461409
1.262859
0.948026
1.141725
1.477806
1.420594
1.265319
1.4165
1.610924
1.62375
1.063372
1.150425
1.589264
1.715356
1.184213
1.091915
1.255305
1.700051
1.021858
1.704178
1.579065
1.529477
1.519352
1.11631
1.215085
1.044917
1.572912
1.413782
1.619118
1.453636
1.715748
1.637393
1.459672
1.174559
1.220089
1.581808
1.259367
1.65791
0.877354
1.425696
1.405142
1.635244
1.503386
1.29347
1.130549
1.279958
1.408063
1.040439
1.429325
1.689362
1.56167
1.329254
1.566423
1.227796
1.614603
1.603922
1.315409
1.037132
1.007939
1.194714
1.166061
1.128349
1.164381
1.265726
1.421151
1.298971
1.41407
1.529827
1.027616
1.28348
1.497035
1.523656
1.030246
1.745807
1.187765
1.590905
1.690574
1.811322
1.544277
1.532796
1.353109
1.52587
1.27737
1.591509
1.078156
1.524274
0.983957
1.547959
0.881733
1.43341
1.095913
1.580472
1.507379
1.443037
1.54431
1.609261
1.612304
1.398882
1.443062
1.256665
1.476679
1.475732
1.726901
1.442978
1.771981
1.439395
0.963593
1.354018
1.302265
1.705269
1.239425
1.711478
1.37143
1.441265
1.391439
1.590714
1.758462
0.9064
1.234994
1.553086
1.236943
1.755475
0.908183
1.185578
1.075314
1.388499
1.556161
0.897197
1.418928
1.307522
1.497614
1.459971
1.06901
1.356244
1.508124
1.585933
1.233716
0.930486
0.93633
0.952597
1.736705
1.49369
1.429631
1.636288
1.543944
1.633705
1.410665
1.761778
1.222246
1.322433
1.598822
1.451287
1.247946
1.536728
1.130323
1.653374
1.706079
1.311728
1.049613
0.803839
1.814073
1.735596
1.527094
1.218942
1.401996
1.513373
0.949278
1.270657
1.077486
1.508638
1.125208
1.012102
1.160993
1.53829
1.329201
1.576483
1.002542
1.042079
1.442196
1.05635
1.285521
1.274885
1.411183
1.248194
1.496358
1.152631
0.949794
1.531014
1.329286
1.49169
1.13933
1.602282
1.619529
1.512397
1.163647
1.155269
1.056059
1.762032
1.465064
1.264122
1.222318
1.255325
1.381582
1.205773
1.096099
1.040797
1.214671
1.51082
1.390269
1.192474
1.382183
1.244721
1.470283
1.34659
1.454913
1.403378
1.473404
1.380084
1.09041
1.578558
1.211924
1.564413
1.22206
1.089795
1.05716
1.118692
1.096244
1.389962
1.591173
1.078527
1.429093
1.25842
1.266834
1.250829
1.456617
1.330669
1.339406
1.278886
1.86932
1.624856
1.302488
1.29786
1.610928
1.684571
1.369759
1.573828
1.589124
1.355699
1.282402
1.136872
1.743906
1.6709
1.28438
1.545437
1.428891
1.592626
1.139332
1.159144
1.320099
1.458656
0.979744
1.3089
1.691917
1.502073
1.264217
1.349504
1.42395
1.139903
1.387106
0.954568
1.289268
1.164151
1.050388
1.277153
1.448185
1.721546
1.414798
1.252021
1.125023
1.385507
1.282533
1.054923
0.922351
1.635245
1.054992
0.960545
1.377073
1.379886
1.745484
1.290091
1.22674
1.301925
1.510918
1.449606
1.087763
1.155702
1.407056
1.418731
1.418721
1.362223
1.460316
1.028356
1.518757
1.580261
1.363888
1.123819
1.266412
1.418374
1.140719
1.291681
1.428219
1.392873
1.264299
1.36977
1.446828
1.28963
1.371886
0.951572
1.841275
1.178076
1.335992
1.404887
1.144628
1.170321
1.19256
1.597935
1.516647
1.27599
1.448263
0.794889
1.494498
1.148241
1.632654
1.490825
1.44881
1.336587
1.390818
1.550593
0.885858
1.238341
1.380658
1.32262
1.151071
1.247618
1.503654
1.341508
1.096088
1.271353
1.163733
1.68268
1.19885
1.312015
1.320083
1.201171
0.940453
1.435293
1.377785
1.590689
1.359907
1.395482
0.942034
1.28731
0.97564
1.267418
1.333023
1.212045
1.509838
1.553312
1.705579
1.232319
1.543044
1.262423
1.000905
1.25289
1.412448
1.181482
0.742516
1.550244
1.262075
1.37576
1.494923
1.511618
1.530449
1.076908
1.487035
1.248403
1.498755
1.460873
1.439736
1.338815
1.270092
1.67468
0.941699
1.28935
1.539761
1.220299
1.275821
1.526588
1.571892
1.414105
1.427832
1.309508
1.144526
1.531019
1.003615
0.788512
1.450013
1.216711
0.867841
1.205632
1.244062
1.792804
1.479209
1.334362
1.248714
1.60739
1.240754
0.905927
1.397661
1.11125
0.876073
1.274083
1.205721
1.539822
1.247134
0.838708
1.000941
1.806624
1.29873
1.024898
1.051799
1.419235
1.131995
1.298156
1.32013
1.386985
1.154121
1.651335
1.31352
1.221641
0.861854
1.795973
1.345592
1.331994
1.092558
1.392968
1.189235
0.965208
1.306151
1.47844
1.345692
1.402077
1.421031
1.342671
1.269795
0.990614
1.137699
1.095246
1.475407
1.42237
1.560446
1.26462
1.299129
1.380516
1.219262
1.190052
1.394598
1.632788
1.323738
0.964058
1.014944
1.44404
0.908825
1.502879
1.383405
1.446593
1.158354
1.305741
0.996514
1.291967
1.80435
1.45411
1.220664
1.456372
0.907119
1.385151
1.169303
1.409003
1.472976
1.435377
1.320029
1.275611
1.143087
1.467801
1.443298
1.717595
1.323395
0.96808
1.390089
1.378851
1.4306
1.257473
1.103642
1.243373
1.273512
1.196609
1.115173
1.482095
1.090833
1.415637
1.3886
0.93896
1.709041
1.396785
1.626314
1.277546
1.589599
1.40186
1.14012
1.290549
1.086461
0.920214
1.120393
1.270054
1.04639
1.743444
1.053337
1.452966
1.696795
1.182626
1.268188
1.484671
0.973205
1.463922
1.23591
1.014336
1.491779
1.156604
1.113425
1.413186
1.25087
1.418158
1.431465
1.517723
1.78712
1.443946
1.525669
1.244176
1.06707
1.445301
1.27432
1.18234
1.122924
1.214708
1.193079
1.317218
1.281014
0.881351
1.442643
1.661056
1.37341
1.045715
1.316978
1.277253
0.931682
1.123986
1.507313
0.995259
1.439505
1.777908
1.014925
1.300421
1.255166
0.952344
0.933559
1.428584
1.430914
1.248647
1.114864
1.071124
1.165432
1.302651
1.314563
1.345942
1.010486
1.373504
1.464748
1.430493
1.457398
1.215602
1.186216
1.561078
1.324277
1.396085
1.413701
1.510234
1.76591
1.344639
1.21704
1.05512
1.396999
1.337995
1.201187
0.982132
1.006873
1.397
1.473944
1.059974
1.253127
1.311311
1.430593
1.394483
1.132734
1.527677
1.154496
1.690871
1.280775
1.265903
1.526189
1.141881
1.374987
1.116
0.936766
1.207036
1.173352
1.387486
1.551042
1.552674
1.396832
1.274963
0.982904
0.984155
1.503224
1.60834
1.28875
1.24134
1.373144
1.087708
1.861178
1.360653
1.527428
1.665701
1.690329
1.346785
1.399135
1.192721
1.189
1.526371
1.322661
1.253232
0.95293
1.316652
1.435953
1.505269
1.430754
0.987916
1.154641
1.006827
1.511551
1.316779
1.333897
1.179671
1.284356
1.604552
1.132014
1.107402
1.545769
1.271746
1.387083
1.734216
1.239834
1.70274
1.26769
1.243151
1.601873
1.423116
1.114467
1.585783
1.518961
1.500459
1.335276
1.537367
0.915341
0.963729
1.284197
0.870225
1.379314
1.517593
1.505691
1.007594
1.444044
1.153924
1.447686
1.073978
1.041663
1.406197
1.379386
1.401019
1.433072
0.978425
1.549291
1.176225
1.418807
1.36584
1.526916
1.520255
0.970564
1.355707
1.121816
1.176012
1.418148
1.262831
1.299454
0.907825
1.558413
1.44588
1.479704
1.489408
1.129929
1.215234
0.818557
1.196092
1.514455
1.349372
0.94177
0.981346
1.352178
1.324835
1.069103
1.276413
1.282631
0.958068
1.369465
1.294933
1.56767
1.150487
1.5543
1.021952
1.30121
1.22617
1.299671
1.40393
1.303498
1.005298
1.462484
1.345296
1.000555
1.351803
1.25061
1.370938
1.303757
1.305107
1.346757
1.37687
1.389448
1.430728
1.347917
0.963582
1.287627
1.397608
1.426153
1.265293
1.272207
1.368354
1.64171
0.772133
1.419857
0.884971
