0.636499
0.910868
0.8723
0.89207
1.051054
0.85894
0.877534
1.164086
0.851879
0.82839
0.772313
0.884311
0.933309
0.761921
1.017175
1.133425
0.853937
0.819906
1.21406
1.153398
1.164958
1.00055
0.956343
1.16703
0.945025
0.973673
1.019237
0.945759
1.178515
1.167567
1.193306
0.95308
0.916846
0.801691
1.397326
0.880151
1.045721
0.971923
1.013974
1.404065
1.028689
0.856589
0.953651
0.90913
0.841593
1.355189
1.216645
0.907391
0.916928
1.045973
1.301728
1.024031
0.981563
1.031207
1.37171
1.327359
1.065357
1.023148
0.805136
0.971051
0.958478
0.79706
0.931488
1.375986
0.86888
0.801402
1.080947
1.35244
1.017247
0.970206
0.847728
1.280521
0.848797
0.788002
1.002444
1.254024
1.116065
0.760059
0.95616
0.788409
1.340162
0.907698
1.053896
0.843998
1.263416
1.070835
0.98052
0.840843
1.230156
0.928671
1.189102
1.306691
1.308928
0.881165
1.289951
0.790248
1.187508
0.791307
0.974082
1.052897
1.263891
1.047771
0.987289
1.05755
1.098768
0.888841
0.872214
1.011873
0.833081
0.919026
0.887072
1.037797
0.964652
1.035043
0.845818
0.83318
0.887552
0.995472
0.877021
0.97701
0.894974
0.952832
1.256893
0.932093
0.825251
0.902389
0.900557
1.047626
0.941737
0.977875
0.887714
0.983589
0.923776
1.148381
1.010289
0.882234
1.221818
1.034972
0.969109
0.940836
1.037766
1.200014
1.173977
1.021052
0.992535
0.908621
1.238386
1.035096
0.984146
0.811794
1.130832
0.878512
1.015657
0.957457
1.210937
1.000424
0.979342
1.086946
0.958403
0.960675
0.928434
1.006283
0.875133
1.138051
1.060865
1.156201
1.033023
1.042978
1.076488
1.262656
0.879532
1.200236
0.988074
0.991023
0.891952
0.804082
1.046265
0.903817
0.991355
1.244267
0.908181
1.218377
1.050301
0.905734
1.154504
1.104676
0.98644
1.28805
0.83183
0.90096
0.921161
0.837796
0.989888
0.895967
1.095293
1.134106
1.183912
0.920994
1.198819
0.94084
0.952023
1.173636
0.815544
1.1259
0.806501
0.896409
1.194489
1.019537
0.939629
1.052571
0.879184
0.868908
1.010349
0.823741
0.971361
1.130131
0.933358
0.949884
1.245186
1.223305
1.165887
1.103928
0.909264
0.962732
0.901407
0.959434
0.984551
0.858608
1.138237
0.856185
0.89
0.837757
1.15307
1.17452
1.072
1.343448
1.061577
1.309869
1.325546
1.287327
1.003264
0.818549
0.949646
0.990152
0.916597
1.03266
1.258974
0.90398
0.922903
1.049205
0.923141
0.931275
1.150463
1.256151
1.172205
0.934927
0.977047
1.081789
1.072198
1.130735
0.936974
0.886473
1.12926
1.008423
0.92296
1.158863
0.870335
0.998712
0.936765
0.981421
1.321609
0.923441
0.840211
0.909639
0.972001
1.03639
1.184912
1.010214
1.015836
0.981368
0.845318
0.930403
0.929113
0.899229
0.907209
0.955247
0.938472
0.941071
0.983603
0.962435
1.012754
1.098326
1.03318
1.363341
0.969817
1.308005
1.14462
1.261083
1.060778
0.9399
0.855678
0.822877
0.889394
0.824599
1.00248
0.988444
1.172719
1.005975
0.838927
0.978366
1.130035
1.275372
1.094676
1.153865
1.000495
1.272806
1.01001
1.014808
1.108256
1.219277
0.901305
1.043472
1.019234
0.953547
0.880165
0.90646
1.239012
1.319432
1.162973
1.289002
1.2068
1.129857
1.298444
0.83725
1.065059
0.927204
0.962256
0.98395
1.297818
0.910035
1.224386
0.908483
0.856737
0.958056
1.236594
1.049748
0.997311
1.388586
1.17891
0.911948
1.118043
0.889229
1.010973
0.955614
1.297213
0.986329
1.029786
1.234355
0.969705
1.074396
0.877316
0.959342
0.885763
1.199603
0.956615
0.78792
1.074631
0.889726
1.142615
0.883037
1.12876
1.00412
0.971278
0.759529
0.729081
1.197425
1.070318
0.886294
0.888386
0.966307
0.943138
0.954625
0.948322
0.962632
1.028401
1.024388
1.103384
1.251997
0.988426
1.014758
0.970191
1.110028
0.930194
1.241412
1.078413
0.931272
0.981404
0.876556
1.074091
1.324651
0.832832
1.219093
0.812499
0.91259
1.049315
1.12819
0.945789
0.941388
0.910476
0.829402
0.888278
0.929211
0.898676
1.032887
1.027741
0.994982
0.857598
1.169207
0.889006
1.146389
1.067299
0.995938
0.845887
0.758668
1.249075
1.200512
0.825753
1.064213
1.074997
0.845661
1.028809
1.072947
0.960497
0.896521
0.871236
1.015573
0.889326
0.995442
1.194118
1.139155
1.280913
1.100954
0.800589
1.241244
0.901908
1.24912
0.925418
1.036793
1.32947
1.22815
0.894771
0.916482
0.917275
1.186305
0.889405
0.931632
0.859726
1.037447
0.826683
1.098359
1.096023
1.022317
0.825369
0.958784
1.134892
0.928967
1.264865
1.109649
1.254428
0.988722
1.041934
1.149997
1.350445
1.061003
0.966813
1.100146
0.853659
0.902256
0.945105
0.864543
1.038716
1.046364
1.136658
1.005352
0.995235
1.15552
1.333847
0.810502
1.048819
0.876641
1.212183
0.959275
0.807731
0.96693
1.052549
1.042087
1.017141
1.195109
1.155434
1.351982
0.811676
0.913478
1.288334
0.944393
1.017373
1.074733
0.859496
1.210843
0.87236
0.883136
1.077038
0.85104
0.965788
0.828324
1.038057
1.042901
0.997523
0.804396
1.05005
1.054665
1.177371
0.905228
1.01412
1.387187
1.109169
1.079832
0.866708
0.983239
1.205105
0.852041
0.925094
1.246478
1.105934
0.848716
0.832939
0.951298
1.246909
0.946178
1.145647
0.909963
0.989981
1.119888
1.020823
0.865332
1.259784
0.992899
1.129151
0.974633
0.951609
1.365465
1.191956
0.870507
0.826532
0.833708
0.873461
0.859513
0.890666
1.025167
0.89127
0.875401
0.931427
0.862158
1.218978
1.030444
0.9905
1.004637
0.795633
0.950476
0.918906
0.955936
1.063885
1.04908
1.33197
0.982488
1.097616
1.277828
0.929871
1.183122
0.94107
1.01112
0.810328
0.925934
0.787914
1.214825
1.15714
1.075707
1.038166
1.276438
0.889236
0.807967
1.240831
0.940656
0.985153
1.063186
0.917893
0.807377
1.016533
1.131193
1.282472
1.095423
1.284691
1.041456
0.869804
0.815481
1.40038
0.975315
0.988538
0.821768
1.005046
1.3973
1.147962
0.883066
0.79505
1.018808
1.170066
1.256324
0.92621
0.885009
0.969613
1.182426
1.126191
1.029308
0.891799
0.919687
1.021712
0.970245
1.191696
0.990626
1.083589
1.020697
0.751121
1.080236
0.876743
1.052588
0.820445
1.038601
1.006393
1.118292
0.809134
1.159528
0.852475
1.138859
1.242346
0.931809
1.067729
1.034691
1.207195
0.935129
1.002929
1.091738
0.903449
0.979419
1.062814
0.963947
1.176302
1.19339
0.802887
0.928128
1.013145
0.864164
0.862577
0.87326
1.187061
1.314559
0.948879
0.850361
1.091361
0.839535
1.139346
1.215875
1.299514
1.032321
0.93619
0.848251
0.988118
1.004597
1.104871
1.156125
1.234517
1.130141
1.143091
1.226749
1.063327
1.01505
0.855314
1.002884
0.905419
0.990786
0.893076
0.861579
0.823419
0.871571
1.089016
1.061221
0.81136
0.976349
1.312756
0.973366
0.911739
1.244365
0.975537
1.192366
1.176135
0.891388
0.93108
1.076157
1.048276
0.968468
1.258665
0.807791
0.806398
1.202928
1.266669
1.2103
1.224961
1.307999
1.262994
1.268074
1.099749
1.240643
1.048763
1.063019
1.066728
1.364462
1.160836
1.036138
0.934526
1.105504
1.213781
1.176465
0.811085
1.096777
1.033542
1.215599
1.093285
1.053447
0.917436
0.967535
0.945631
1.006136
1.125658
0.823359
1.090686
1.054177
0.9732
1.084615
1.214823
1.162714
0.997214
0.983321
1.23417
1.402003
1.212489
1.04258
0.982113
1.080666
1.181976
1.021293
0.893628
0.815695
1.309709
1.056641
0.891787
1.317298
1.114749
0.881238
1.21583
0.850554
0.901357
0.920412
0.901502
1.081525
1.181857
0.805218
0.988863
1.204102
0.877572
1.003086
0.950127
0.908125
0.935334
0.836087
1.136932
0.956263
1.051509
1.000806
1.103875
0.86507
0.818728
0.922231
1.188655
0.92401
0.99211
1.222586
1.038453
0.887609
0.872017
0.854824
0.992916
1.026737
0.978049
1.067481
1.010877
0.869651
0.895531
1.150663
1.002282
1.14508
1.050125
0.986252
0.929292
0.984458
1.110758
1.108659
1.222449
1.040312
0.970819
0.991575
1.150383
1.052026
1.023855
1.208207
1.104467
1.082517
1.238573
0.908117
0.867035
0.947214
0.992725
0.902069
0.86413
0.779783
0.954324
0.803195
0.955735
1.213564
1.203141
0.868413
1.319924
0.903197
1.030152
1.08904
1.102259
1.063757
0.983162
0.850759
1.077166
1.004444
1.008482
0.873829
0.808448
1.040559
0.85127
1.045212
1.151155
0.927616
0.867493
0.888988
0.918042
1.005966
1.192314
1.107374
1.153234
1.206845
1.162272
0.876844
1.228314
1.144126
0.816907
0.834902
1.06113
1.055313
1.191332
0.96175
0.884627
1.028207
0.787039
0.986743
0.863052
1.003327
0.906982
1.143391
0.893603
0.971688
0.877561
0.790044
0.948763
1.152602
0.95372
1.367793
1.177276
1.024983
0.952921
1.026758
0.870492
1.12266
1.04005
1.30562
0.954107
1.098121
0.902555
1.061759
1.07378
0.826203
1.136853
0.760151
0.921386
1.314988
1.016444
1.027748
0.894373
0.966796
0.844467
0.887003
1.250338
1.22229
0.914551
0.79292
0.818666
0.86729
1.322236
0.890609
0.890785
1.227493
0.882769
0.823596
0.92458
0.855716
0.900577
1.068303
1.073828
0.960936
0.87477
1.245616
1.089275
1.043046
0.900644
0.996346
0.890856
0.945349
0.840669
1.079311
0.839378
1.105239
0.916401
1.125955
1.094756
0.971567
1.110492
0.917445
0.850261
0.781402
0.853539
0.919584
0.95206
1.15844
0.935324
0.900935
0.966574
0.97066
0.967657
1.12266
0.993769
1.153964
0.973171
1.051502
1.234852
0.89115
1.049328
0.901705
0.857766
0.908431
0.999452
0.982269
1.092885
1.211506
0.794561
0.89443
0.844326
0.800256
0.808403
1.231554
1.043713
0.907223
1.188823
1.159753
0.881049
0.874538
1.127329
0.98683
0.858144
0.936577
0.904521
0.870654
1.131053
0.964936
0.854659
0.928679
0.821484
0.956641
0.985523
0.946732
0.941358
1.183544
1.009908
0.844018
0.839854
1.209743
1.011131
0.84953
0.916051
0.949154
1.257234
1.217073
1.019227
1.007174
1.092569
0.808282
1.114952
0.898885
0.940591
0.878766
0.998295
0.828449
1.195589
0.899477
1.278604
1.151532
0.982428
0.938504
0.924841
1.051162
0.932189
0.891289
0.820594
0.936668
1.211585
0.880814
0.873632
1.179443
0.841856
0.862728
0.979039
0.951783
0.905199
0.854634
1.21693
1.221386
1.009818
0.941025
0.886622
1.01542
1.02644
0.874518
0.906608
1.089041
1.063165
0.963662
1.073947
0.89497
1.142899
0.984883
0.906705
0.914313
0.950244
1.063263
0.87085
0.823412
1.036064
1.098456
1.082427
0.919837
0.97507
0.759341
0.862887
1.144363
0.922104
1.024049
1.183848
1.074274
1.072395
1.004805
0.914149
0.969248
1.213182
0.968414
0.929998
0.965317
1.146081
0.940624
0.907132
0.985348
0.844021
0.903649
0.914209
1.372476
0.826254
1.042699
1.285094
1.172946
1.075609
1.2422
1.087917
0.939196
1.076253
1.235143
1.013876
0.853601
1.135271
0.900663
0.973427
0.885821
0.941651
0.997805
1.172942
1.095048
1.076268
0.855845
0.858061
0.918381
0.871177
1.059391
0.967845
0.875052
0.794658
0.999375
1.073688
0.851363
0.999563
0.858011
1.023511
1.011637
1.066324
0.790131
0.912549
1.040202
1.026566
0.796943
1.080326
0.951505
1.301991
0.888993
0.826647
1.136296
0.825327
0.857127
1.3007
0.883043
1.391206
1.006885
0.938012
1.279255
1.13365
1.149664
0.905518
0.929683
0.878667
1.093585
1.162862
0.894152
1.004632
1.011158
1.218877
0.903637
0.957452
0.940395
1.202191
0.928063
1.087027
0.928175
0.913211
0.844056
1.176455
1.07688
0.908708
0.921285
1.016164
1.036256
0.906638
0.907586
0.968521
0.914155
0.902777
1.051911
0.959676
1.015965
0.854569
0.878569
1.017664
1.122282
1.023567
0.896224
1.079179
0.991174
1.113208
0.92445
0.792359
0.904475
1.112235
0.966815
0.90557
0.918148
0.911816
1.198106
0.962478
1.172557
0.937464
0.884646
1.052783
0.875643
1.103801
0.92708
0.83459
1.002566
1.090026
1.124938
1.006648
0.873889
0.916089
0.895996
1.175892
1.335853
1.075717
1.075741
0.929764
0.886833
0.927968
0.938874
0.857059
1.084189
0.943987
1.016309
1.183697
0.868362
0.907088
0.998293
1.042713
1.000764
0.952679
1.133549
1.157498
1.24936
1.012414
0.822491
1.029314
0.822119
1.072919
1.027017
1.201465
1.2292
0.878731
0.899997
0.853663
0.842842
1.212876
0.930037
0.903196
1.13403
0.879637
1.144567
1.149115
1.342125
1.091237
0.93706
1.145775
1.072719
1.216048
1.015421
0.860963
0.825883
0.898762
0.955055
0.909437
0.828589
0.956207
1.044393
0.827449
1.052115
1.223809
0.907986
0.850057
1.186196
1.218953
0.953516
1.163319
0.926887
0.924007
0.994061
0.9839
0.905281
1.018733
0.831263
0.997272
0.973936
1.109952
0.880923
0.799036
0.952625
1.027314
1.127124
0.996115
1.194923
1.090597
0.901563
0.787335
0.904133
0.856367
1.030284
0.807434
0.848473
1.101201
0.984165
0.973079
0.868698
1.169408
1.063456
0.913723
0.864296
0.840218
0.925966
0.914008
0.902986
1.244739
0.895801
0.842167
1.089172
1.018753
0.917833
0.934673
0.929735
0.899417
0.928894
0.898354
1.060469
0.971018
1.055946
0.871468
0.899818
0.844348
1.319355
0.868493
1.099529
0.826657
1.022225
1.323962
1.181949
0.879003
0.937039
0.913064
0.880736
0.928439
0.922942
1.142533
0.90983
0.855702
1.080207
0.829564
1.010825
0.892716
0.948353
0.899932
1.208538
1.205655
1.001365
0.991231
0.970773
0.817087
1.233872
1.122929
1.226347
1.074651
1.014163
1.096521
1.212543
1.250181
0.982831
0.974728
0.971678
0.901728
1.049575
1.092372
0.950983
1.07442
1.067125
0.942367
1.047288
1.099224
1.065591
1.184132
0.925311
1.116934
1.231555
1.039509
0.918449
1.147852
1.13701
1.049766
0.909152
0.973416
1.036109
1.300788
0.932638
0.907657
1.066041
1.313527
0.949703
1.257443
0.890278
0.803886
0.906236
0.945238
0.990372
0.931387
0.882007
0.908686
0.96
0.996434
0.970686
1.113371
1.175934
0.996194
0.785033
0.934592
0.980922
1.017321
0.888732
0.878827
0.935232
0.965076
0.941215
0.973578
1.094214
1.394229
0.896635
0.809394
0.883402
1.126203
1.090529
0.939851
0.96588
1.104938
0.859827
1.281902
0.952328
1.246382
0.889466
0.920355
1.046884
1.094046
1.020159
0.985049
1.224076
0.819893
0.824155
1.026676
1.060501
0.859774
1.043709
0.923486
0.823142
0.823544
1.02541
0.882157
0.954453
0.925644
0.923871
0.822359
1.120042
1.05454
1.147097
0.946055
0.885956
0.890485
1.064414
0.893794
0.907935
1.021382
0.882509
0.987118
0.799347
1.052022
1.020937
0.882192
1.206331
1.015017
0.906775
0.850584
1.075855
0.820183
1.274138
0.861655
1.07483
1.330048
1.177303
0.993472
1.102898
1.253496
0.87375
0.964454
0.920489
1.129783
1.046554
1.028575
1.257747
1.146763
1.033343
0.930551
1.004534
1.096871
1.260061
1.165915
0.866201
1.104425
1.101101
0.827177
0.842374
0.902977
1.050207
1.067117
1.228803
1.242669
1.190562
0.91626
1.046694
0.902332
0.903754
0.853173
0.859664
0.883613
1.153002
0.913948
1.061733
1.015588
1.063978
1.163808
0.879442
0.977092
1.028405
1.238878
0.859042
1.058997
0.917193
0.941208
0.960349
1.112236
0.912988
0.87802
1.053661
0.925948
1.143745
0.882218
0.927444
0.844432
0.963726
1.052798
0.822193
0.928675
0.935125
1.274895
0.977284
1.30151
0.787288
0.967712
0.837109
0.960257
0.88747
1.021038
1.023674
1.175342
0.943507
0.955976
1.054818
1.249905
0.958552
0.941512
1.235743
0.904656
0.913301
0.900168
1.092776
0.795614
1.008145
1.131398
0.982446
0.996973
1.163984
0.776214
1.091109
1.082364
1.269348
1.124951
0.935313
0.882392
0.90074
0.815998
1.073409
0.936515
1.125302
1.181381
1.031239
1.060791
0.993747
1.044933
0.9101
0.9489
1.155813
1.159439
0.945661
0.940014
1.23439
1.174859
1.144687
0.92294
1.23574
0.914905
1.02101
0.875263
0.948832
0.789161
0.895956
0.899707
1.027989
1.066429
1.184771
1.366094
1.074743
1.005724
0.986599
1.035128
1.126304
0.965284
0.916074
1.229301
0.884927
1.061679
1.130505
0.872297
0.962786
0.907353
0.819157
1.037459
0.848786
0.993716
1.282286
0.953505
0.90044
1.068969
0.914486
0.888621
1.127365
0.889204
0.9254
1.023461
0.887273
0.930418
0.928656
1.169685
1.202752
1.103179
0.889916
1.055385
1.055187
0.834317
1.050699
0.745181
0.95372
0.907197
0.906719
0.896834
0.93652
1.161436
0.926003
1.00118
1.157998
1.147717
0.846309
0.929114
1.074503
0.912617
0.848717
1.042372
0.888449
0.852275
1.015967
1.2221
1.016301
1.195382
0.906307
0.940111
1.368394
0.893142
1.041378
0.927202
0.922263
1.309399
0.853943
0.869218
0.830699
0.890557
0.933844
0.851092
0.95569
0.92884
0.816471
1.268878
1.065625
0.847762
1.021177
0.91734
0.97671
1.091365
1.10905
0.949812
1.082881
0.930911
0.911064
1.146968
1.140211
0.901169
0.84187
0.919917
1.177209
0.937359
0.882023
0.940863
1.079478
0.925395
1.205008
1.250745
0.985149
0.868864
1.151138
1.001687
1.099477
1.165851
1.010639
1.218919
1.144858
0.813442
0.967622
0.943345
0.891599
0.909554
1.080556
1.067635
0.915723
1.013637
1.211226
1.12298
1.10598
1.276479
0.944714
1.097017
0.927102
0.904306
1.001794
0.889962
0.901928
1.221144
1.170229
0.978667
0.934479
1.055013
0.86958
0.878272
0.849801
0.901232
0.908976
1.222299
0.919356
0.941675
1.055912
0.793467
0.846594
0.919753
0.985655
0.98676
1.025705
0.85493
0.901881
0.81841
0.854175
0.943269
1.131207
1.142783
1.036045
0.942133
0.912104
0.7964
0.861599
0.949068
1.038875
0.933697
0.856172
1.026933
1.042176
0.847656
0.990257
0.983808
1.025599
0.950663
0.972718
0.901294
0.932219
0.902376
1.191111
0.895886
1.105024
1.031923
0.855839
1.214742
0.948133
0.968481
0.92586
0.926545
1.184424
0.982574
0.999924
1.15893
0.924455
0.888108
0.944942
1.052008
0.928278
0.816285
0.82355
0.88998
0.809549
1.057407
0.979412
0.904535
1.133548
0.973308
0.893784
1.02855
1.017887
0.924082
0.977424
1.002361
0.923671
0.896454
0.848423
1.03732
0.872418
0.988028
0.894569
0.890286
0.906315
0.962796
0.914813
0.84011
1.259705
0.852987
1.051542
1.098611
1.259616
1.113219
0.91971
0.90584
0.856676
1.068481
0.917826
1.224917
1.052817
0.951235
1.064158
0.897983
0.928345
0.951697
0.820997
0.960905
1.200827
0.878123
1.001952
1.272971
0.931612
0.949394
0.910419
1.040353
0.791171
1.091878
0.92878
1.053728
1.141901
0.866806
0.971898
1.124979
0.876474
1.133629
1.303931
0.969957
1.068571
0.90175
0.92235
0.970219
1.149479
1.033748
0.83406
1.077992
1.159405
0.868373
1.004607
0.94389
0.932482
0.996607
0.995661
0.928902
1.099164
1.083336
0.899722
0.957795
1.147458
0.927701
0.855072
0.906643
0.864733
0.890933
1.005376
0.92413
0.834429
0.984023
0.985879
0.96786
0.758636
1.070933
0.878844
1.080377
0.792167
1.24737
0.962604
1.083922
0.87075
0.79992
1.010906
0.917625
0.9939
0.887695
0.894717
1.009938
0.862147
1.277642
0.838873
1.117552
0.940905
1.056238
0.953421
0.927603
1.106411
0.930576
1.015631
1.067872
0.927587
0.953206
1.060515
1.00559
0.896525
0.87723
0.91151
0.84544
0.949944
0.997032
1.197177
1.041109
0.878567
0.949923
1.184013
0.872199
1.170548
0.979286
0.955151
0.912934
1.235792
1.033857
1.223633
0.803651
0.898422
0.92487
0.990026
1.013311
0.854004
0.888487
0.893475
1.126167
0.849098
0.892888
0.886788
0.767935
0.952566
0.867707
0.799189
1.058361
0.969434
1.07386
1.190896
0.907262
1.048829
1.115601
0.986167
0.901713
1.133232
0.942529
0.832084
1.080611
0.961244
0.886463
1.090239
0.917523
0.866497
1.213138
0.851597
0.914463
1.346037
0.936335
1.188688
1.033272
0.868369
0.904119
1.002189
1.189363
1.000571
1.209335
0.930813
1.00537
1.235864
0.882348
0.997065
0.873957
0.908472
0.921539
0.908198
0.934231
0.931049
0.930844
0.888831
0.860617
0.98965
0.878379
0.9013
1.093712
0.958967
0.852777
0.94232
0.931079
1.033856
1.05991
1.118887
1.109625
1.155547
0.954667
1.027093
0.925629
0.917396
0.845578
1.080241
1.119792
0.861071
1.070193
0.94299
1.183529
0.842755
1.007535
0.899902
0.861593
1.096663
0.953557
1.078589
1.005552
0.847229
1.044834
0.881329
0.958126
0.822751
0.911453
1.120494
1.042921
0.814516
1.119569
0.83649
1.110704
1.059792
1.015391
1.017919
1.22866
1.044663
0.856638
1.008408
0.856234
0.95084
1.139021
0.898899
0.984585
0.946807
0.949068
0.90985
1.101242
0.891223
1.091211
1.077701
0.905641
1.01507
1.116211
1.237086
1.229957
1.169313
0.855136
0.912777
1.00899
0.845722
0.901571
1.003698
0.809411
0.851153
0.848116
1.073448
1.268815
1.212369
1.026232
1.201647
1.097951
0.906487
1.212326
0.866773
0.918548
1.029129
1.068281
1.214675
0.934491
0.817363
1.115973
0.909946
0.871627
1.054599
0.905038
0.963489
1.189214
1.068217
1.048869
0.907356
1.162177
1.11434
1.074969
0.925851
0.954739
0.968786
0.952451
0.946351
0.940454
0.886603
1.027524
0.869069
1.153314
0.841213
0.904055
0.890429
1.006825
1.208927
1.058783
1.238229
1.253065
0.982761
0.99729
0.937663
0.958937
0.897566
1.19654
0.879505
0.816528
0.960771
1.202805
0.994182
0.983922
1.075497
1.076524
0.930515
0.881317
1.212678
1.023785
0.883915
1.012511
0.916682
0.905174
0.982941
0.99007
1.014376
0.939261
0.842334
0.880474
0.816211
0.951992
1.047919
1.268558
0.886698
0.907398
0.82913
1.100632
1.150959
1.083052
0.917609
0.899085
0.948601
0.930442
0.899513
1.250925
1.031111
0.879118
1.02933
1.069707
1.088727
1.135558
0.863453
0.942066
0.906589
0.926765
0.937855
1.156123
0.92698
0.883444
0.998507
0.99919
1.196563
1.12412
0.813611
0.879123
1.221311
1.141972
1.146998
0.821939
0.847896
0.841248
1.081156
0.991248
0.938036
0.795935
0.926715
1.234479
0.854805
1.001387
0.887182
1.031152
0.811107
0.98326
0.910562
0.853073
1.054472
0.899449
0.841776
0.896901
0.90281
1.192559
1.096654
1.024543
0.984041
1.192429
0.893191
0.914295
0.956501
1.027066
0.931286
0.900402
0.932262
1.058724
0.91819
0.891328
1.047911
1.129725
0.920917
1.073419
0.955129
0.892665
1.185899
0.91847
0.918737
0.877353
1.084039
1.192239
1.214828
1.00874
1.337583
0.99039
1.008722
0.859551
1.060649
0.910045
0.946072
0.897866
1.046085
1.100704
1.165921
0.88028
0.810029
0.94852
0.764082
1.056254
1.121898
0.899782
0.902232
1.076279
0.966024
1.056808
0.970386
1.220935
0.874297
0.844813
0.875388
1.173859
0.976001
0.920508
1.016656
0.966522
1.185033
1.263159
1.145239
1.077571
0.875249
1.176333
1.11131
1.241214
0.829222
0.867235
1.126281
0.881645
0.783886
0.972647
0.891966
0.897668
0.938518
0.94681
0.971622
1.015183
0.911632
1.04857
0.983334
1.219871
1.098763
0.952883
0.937367
0.916047
0.991247
0.926837
1.061246
0.929878
0.902659
0.871129
0.997803
1.055608
0.926124
1.175294
0.90549
1.173511
0.861889
0.831049
1.0523
1.175137
0.753924
0.938042
0.849441
0.889027
0.967969
0.839283
1.070638
0.927
1.043613
1.078745
0.944673
1.013623
1.053956
0.949539
1.153587
0.881931
0.887516
0.931921
1.050343
0.898521
0.944285
0.83405
1.182435
0.944016
0.996808
0.885778
0.913049
1.187592
0.874321
0.852127
0.944131
0.838257
1.121686
1.148387
0.927875
0.85311
1.221105
0.906008
0.91715
0.969926
1.027965
1.013231
0.960635
1.068859
0.916405
0.873017
0.908271
1.172864
0.84241
0.872848
0.943334
1.036018
0.872385
0.866382
0.845421
1.222595
1.2386
0.926118
1.050768
0.82437
0.810561
1.147535
0.973269
0.935964
0.925673
0.943222
0.915543
0.904618
1.116227
0.980044
1.005157
1.211333
1.055653
0.909752
0.954459
1.034238
1.179622
1.101041
0.933677
0.914861
0.868376
0.902084
1.05875
0.876454
0.779995
0.966429
1.19366
1.098539
0.933288
1.056984
0.975159
1.098669
0.922998
1.076922
1.272671
0.999781
0.913855
0.905117
1.077444
0.895641
0.921686
0.989342
0.872264
0.99261
1.010433
0.939299
1.083298
1.11367
1.209334
0.993919
1.113369
1.160416
1.03235
1.076514
0.837501
0.983006
0.949116
0.900655
1.056113
0.882698
1.013982
0.91687
1.263315
1.151127
0.940723
1.051025
1.204106
0.855946
0.960202
0.933725
1.076039
0.862982
0.964217
0.876747
1.054171
1.110463
1.041163
0.959647
1.065103
1.239705
0.860833
1.145242
0.932095
0.95341
0.864473
0.991902
0.885571
1.297265
0.908785
0.899787
0.800346
0.917233
1.189628
1.004628
0.825844
0.929326
1.150872
1.176115
1.180158
0.9685
0.906265
1.165406
1.335894
0.977795
1.107264
0.79567
0.875427
1.233867
0.934767
0.958193
1.252386
1.252414
0.929302
0.860066
0.861769
0.926084
1.181355
1.152818
1.044838
1.077829
0.758897
1.201278
0.881578
1.218263
0.919361
0.951089
0.894809
0.90644
0.935916
0.919277
1.055826
0.931454
0.87753
0.952536
0.807839
1.062635
1.062479
1.092105
1.067647
0.860154
1.069217
1.128142
1.207894
0.85349
1.106963
0.979474
1.170235
0.888133
0.88105
0.940656
0.880989
0.866592
1.091983
0.911522
1.33788
0.992641
0.867377
0.772285
1.039629
0.919267
0.97564
1.033765
0.892775
0.869201
1.136284
0.834223
0.885623
0.813346
1.049592
0.966173
1.2327
1.23204
1.336533
0.86573
0.901584
0.901638
0.880864
0.865615
1.121411
0.941723
0.998399
0.912567
0.865929
0.951931
0.883948
1.16751
1.191513
1.018943
1.114082
0.833459
0.832515
0.963742
0.892127
0.827642
1.06218
0.968926
0.931764
0.90311
0.879604
0.936031
0.885256
1.181445
1.272094
0.872647
0.925118
0.969148
1.08678
0.824842
0.83089
1.347685
1.254244
0.923894
0.896782
1.3377
0.900977
1.202123
1.090694
0.886511
0.891188
1.056972
0.839029
0.910852
0.877316
0.918157
0.944868
0.87222
0.909311
1.328838
1.18879
0.903494
1.219251
0.889484
1.201265
0.895789
1.014252
1.214266
1.00115
1.006977
0.875009
0.979502
1.049789
1.175779
1.12948
0.952385
1.09561
1.000345
0.892316
0.990407
0.837965
1.057727
0.961373
0.879185
0.908229
0.874983
0.897089
1.31533
1.216465
0.850159
0.884823
1.261231
0.871278
0.874009
0.904352
1.133032
0.925418
1.109755
1.134278
1.215216
0.865138
0.929905
0.951485
0.90198
1.115605
1.018037
0.965893
1.065603
0.811196
0.865922
0.926742
1.053168
1.056458
1.04989
0.951606
0.99162
0.975724
0.947691
1.077367
1.023338
1.085446
0.919809
0.847706
0.960411
0.806754
1.280342
0.903458
1.003378
0.845117
0.923852
1.141504
0.983013
0.832569
0.848649
0.806007
0.904784
0.838705
0.88984
0.857485
1.100987
1.164147
1.237483
0.923025
0.993943
1.214903
0.873579
1.278615
0.9388
1.115929
1.033574
0.864229
1.039747
1.079388
1.082087
0.929525
0.936406
0.866219
0.991201
0.966017
0.989256
0.844713
0.806475
0.906713
1.088444
0.864589
1.037145
0.981852
0.948582
0.924769
0.986976
1.03058
0.868432
0.964752
1.283822
1.048982
0.913517
1.020539
0.947761
1.163341
1.040309
0.867252
1.233611
0.81996
1.104883
1.304734
0.806151
0.962464
1.149846
0.791905
0.853037
0.699542
1.073742
0.931328
0.808556
1.235054
1.232517
1.009536
0.862594
1.007832
0.901956
0.856481
1.009516
0.940077
0.952713
0.902673
1.10586
0.876258
0.901559
0.911749
1.061669
1.004105
0.936124
0.897842
0.803038
1.194181
0.905739
1.223197
0.913323
1.056072
0.907306
0.887459
0.825315
1.117762
1.196876
1.158042
1.06328
0.871011
0.918454
0.91271
0.736941
0.94829
0.912289
0.976318
1.134155
0.997575
1.040407
0.965127
1.155449
0.76832
1.046047
0.865256
0.960987
1.097267
0.845463
0.918654
1.154092
0.890049
1.062399
0.918467
0.913241
0.882063
1.031967
0.886912
1.327456
1.029934
1.131824
1.004688
1.122253
0.933023
0.986441
1.038123
1.099595
0.919931
0.961577
1.065961
0.901393
0.849328
1.223708
0.892338
1.067709
0.894945
0.867393
1.193032
1.090644
0.884542
1.097464
1.067
0.857107
0.925146
1.016677
0.913798
0.977611
0.847374
1.093722
1.031354
0.95923
1.081467
1.284542
0.971168
0.948703
0.895571
1.025396
1.289559
0.836418
0.834912
0.945233
0.822952
1.116391
0.982718
0.858747
1.143804
0.758319
0.839032
0.929711
0.84493
0.986328
0.941411
0.927771
1.120955
1.049038
1.025676
1.010793
0.916873
0.886449
0.931008
1.085782
0.924252
1.021275
0.875054
0.830429
0.967863
0.996104
0.949172
1.056461
0.899306
0.98411
0.894748
1.029199
0.942434
1.060944
1.221611
1.226175
0.897002
0.945779
1.086238
0.784287
0.90125
1.03067
0.851886
1.103265
1.060489
1.167836
1.023882
0.940212
1.143824
1.019666
0.948952
0.879833
0.872426
1.328071
1.052716
0.88731
1.056459
1.048773
1.035659
0.898985
0.982222
1.018194
0.881032
0.980502
1.231433
0.789842
1.081249
1.013774
0.868745
0.891747
0.905337
0.911277
0.962641
0.854888
0.933775
0.898717
1.307235
1.100201
0.825609
1.080036
1.223527
1.006419
1.061812
0.923191
0.883581
0.87898
1.024422
0.803972
0.901036
1.041035
0.803411
1.094478
0.930476
1.088998
1.037743
1.073881
1.02808
1.109258
0.97521
0.846865
0.926851
0.870427
1.054171
1.119113
1.056516
0.87809
1.11338
1.134741
0.850821
1.006767
0.999188
0.794622
0.913262
1.334933
0.880814
1.067947
1.14326
1.266085
0.816544
0.964099
0.983182
0.939817
0.898018
0.872372
1.148827
1.012059
1.127559
1.076693
0.983941
1.099254
0.869688
0.914125
0.970494
0.820925
1.259224
0.963283
0.862142
1.059944
0.999778
0.96006
1.077949
0.808932
1.228343
0.91373
0.991287
1.035322
0.863658
0.895385
1.03359
1.150508
0.969526
0.999648
0.956698
0.822956
1.190785
1.132722
0.941132
0.924297
0.950895
1.085636
1.127281
0.878235
1.014051
1.072795
1.163839
1.022529
0.866382
0.847443
1.039361
1.040041
1.06303
0.932619
1.106856
0.87394
1.026712
0.885105
1.088766
0.804645
0.868121
0.833045
1.249198
0.880563
0.969052
0.860674
0.940117
0.806373
1.014446
1.239817
0.800086
1.248855
0.909114
0.936949
0.797286
0.964515
0.900579
0.925927
1.143633
1.107227
0.996554
1.174616
1.091233
0.953583
0.970479
0.920425
0.833333
0.939995
0.886851
1.199196
0.977144
1.04089
0.922685
0.884777
1.02597
0.891371
1.184958
1.316153
1.093684
0.940082
0.836675
1.300335
0.920428
0.884507
1.123456
0.860507
0.899448
1.111129
0.924789
1.194612
0.926305
1.113211
0.920513
0.918967
0.91369
1.087884
1.103776
0.86997
0.882546
1.088614
0.950447
0.989111
0.958652
1.261795
0.918084
0.879275
1.142662
0.919825
0.991161
0.882187
0.971193
0.977627
0.89433
0.927026
0.846188
0.854277
0.880783
1.041662
1.121793
0.969874
1.069435
0.888097
0.849161
1.190876
0.822439
1.203368
0.87413
0.906383
0.856927
1.063909
1.188542
1.015204
1.074804
0.9735
1.086375
1.116906
0.883625
0.981132
1.056706
0.870769
0.897949
0.850084
0.917331
0.842899
0.889875
0.915704
0.865344
0.947878
1.009686
0.906944
1.029203
0.83541
1.140881
0.827049
0.875419
0.913811
0.863414
1.182975
0.883262
0.861883
0.771726
1.133122
0.771746
0.939459
0.972383
0.853748
1.01412
0.884256
1.088905
0.865098
0.917202
1.16584
0.900925
0.9074
1.090985
0.999442
0.853886
1.150991
0.926602
0.946342
0.900619
0.893212
0.832543
1.064609
0.831993
0.93337
0.935057
1.196945
1.161163
1.005211
0.807748
0.889372
0.959191
0.977606
0.883858
0.956229
0.841557
0.92439
1.044527
0.905564
0.856488
1.333308
0.851208
0.91474
0.881636
0.821921
0.983065
0.984409
0.93075
1.301296
1.14435
1.042408
0.825891
1.072068
1.14657
1.012249
1.087293
0.960607
1.112621
1.059743
1.150019
1.035098
0.906625
0.890909
0.942405
0.855983
0.958404
1.10144
0.982558
1.185951
0.768704
1.199532
0.908352
1.111184
0.981185
1.117723
0.819259
1.051946
0.813383
0.881132
1.189269
1.047991
1.012656
0.880217
0.915192
0.934715
0.951118
0.941825
0.853226
0.950323
1.071671
1.000145
1.005443
0.875984
0.857379
1.079711
0.892243
0.940066
0.99388
0.960747
0.863444
0.809646
0.889879
0.861115
1.169505
0.820424
0.861098
0.856332
1.029976
1.182837
1.04827
0.836802
0.900466
0.913821
0.86188
1.106205
0.729819
0.878804
0.944133
0.993707
0.799281
0.901589
1.144147
1.280636
0.878029
1.033757
1.026438
0.890065
0.930785
0.96789
0.880259
0.98561
0.987406
1.098241
1.02186
0.998079
0.966411
1.000444
0.925979
0.896406
0.736104
1.033641
0.814749
1.019294
1.174421
1.047795
1.222503
1.095367
0.85359
0.892623
1.158013
0.849443
0.96529
1.047048
0.720695
0.910444
0.859179
0.915821
1.061895
0.897033
1.200133
1.049609
1.010649
0.835436
0.865322
0.985068
0.80095
0.884413
0.835103
1.1305
1.007209
0.965799
0.771786
1.220849
0.88507
1.114553
1.043936
1.208313
0.946905
0.756449
1.07948
0.918003
0.838776
0.97031
0.804693
1.027845
1.323118
0.903181
1.062089
1.076758
0.917489
1.182215
1.074501
0.887183
0.834715
0.89309
1.005114
0.928168
0.90376
0.964582
0.905569
1.32254
1.253714
0.768463
0.84243
1.011819
1.038514
1.046823
1.079241
1.001111
0.937746
0.855681
0.922695
0.980712
0.899171
0.845126
1.091011
1.055205
1.189541
0.792223
0.820443
1.228504
0.789262
0.977368
0.957196
0.847113
0.951959
0.998242
0.88137
0.820489
1.043674
0.850938
0.908778
1.009019
1.064803
0.82266
0.988565
1.033149
0.797793
0.945576
0.994744
1.177131
1.265859
0.843578
0.868463
1.101371
0.959477
0.916939
0.944116
1.13578
0.923015
0.887357
0.890563
0.936397
0.946021
0.870856
0.936258
1.066175
1.333451
0.991935
1.027707
0.927349
1.094122
0.870111
0.94428
0.944691
1.018363
0.841286
1.038959
0.999495
1.041771
0.879528
0.857211
0.840797
0.827543
0.864135
0.922154
1.206555
0.918394
0.896028
1.11877
0.896413
0.930896
0.956175
1.181965
0.892453
0.888451
0.974402
0.999333
0.956044
0.973128
1.078151
0.944968
0.931043
0.898195
0.87309
0.865483
1.145649
0.994726
0.822012
0.974828
0.922643
0.857526
0.881128
1.005499
1.078961
1.104948
1.261453
1.043128
0.924049
0.839798
1.028089
0.881363
1.251167
0.791994
1.002712
0.986026
0.773293
0.932852
1.222856
1.159073
0.991385
0.96205
0.936541
0.904361
1.008454
0.815652
0.881313
0.916928
1.07295
1.199597
0.958418
0.955023
1.218289
0.950887
0.90454
0.776922
0.979278
0.852575
1.053129
0.854094
0.903674
0.889203
1.005727
0.993571
1.189948
0.881499
0.892884
0.884912
0.919666
1.054848
0.927659
1.16181
0.860275
0.861235
0.897599
0.820467
0.842157
0.956986
1.294037
0.783148
1.126535
0.957552
1.071239
0.964821
1.082405
0.890168
1.140585
1.026628
0.974771
0.893343
1.013303
0.982602
1.192678
1.087076
0.953753
1.046771
0.901586
1.002066
0.831262
0.849691
0.811409
0.848353
0.785714
0.914919
0.944131
1.217576
1.116653
0.870897
0.921533
0.839833
1.145219
0.976093
1.107091
0.885842
1.039091
0.824665
0.891799
0.901479
0.873204
0.910881
0.906845
0.847466
1.196773
1.247968
0.860928
1.223402
1.050681
0.921397
1.117693
1.026912
0.979185
0.811831
1.225853
1.11643
1.05371
1.021117
1.332001
0.979278
1.037208
0.843353
0.984527
0.930514
1.026941
1.246443
0.872279
1.03362
0.936784
0.893372
0.786125
0.939686
0.830887
0.944095
1.001844
1.155717
0.877596
1.045198
0.876605
0.930506
1.12467
1.155222
1.018225
0.968876
0.826987
0.91291
0.974819
0.961613
0.941276
0.998425
1.195915
1.100942
0.935779
0.806506
1.041097
1.185101
0.806216
0.9692
1.052675
0.90257
0.919596
0.997115
0.86987
0.918792
0.88888
1.018359
1.194419
0.878342
1.079828
0.855272
1.016487
0.902852
0.920759
1.300262
1.270979
0.939918
1.079424
0.883127
0.894157
0.902318
1.172853
1.02053
0.83644
0.874458
0.812254
0.812372
0.858089
0.975286
1.021781
1.106617
0.862051
0.934938
0.887527
0.90083
0.999279
1.306448
0.860892
1.201063
0.922923
0.990179
0.949722
0.93257
1.001886
0.966522
1.119261
0.988856
0.897968
1.048959
0.939756
1.052357
0.900768
1.037557
1.107039
0.890436
1.086512
0.88571
0.862728
0.924902
0.931374
1.20817
1.151971
0.876004
1.0711
0.963355
0.990338
1.033258
0.88398
0.826009
0.899069
0.968542
1.227121
0.927591
1.082449
0.784907
0.88177
0.861486
0.80022
0.865626
0.935972
0.953819
1.206286
1.131721
1.049655
1.048728
0.822556
0.893567
1.013409
0.87681
0.917347
0.900327
0.894847
0.871743
1.12658
0.908017
1.065718
1.224673
1.02841
1.014246
0.918452
1.026597
1.046476
0.99733
0.919903
0.812084
0.896389
0.850769
1.038008
0.825968
0.89593
0.897962
0.798219
1.055621
0.985185
0.953427
0.79934
0.93486
1.058832
0.939455
1.31104
1.173236
0.991811
0.780493
1.030172
1.239673
0.821541
1.165791
1.165218
1.047814
0.913136
1.040319
0.901333
0.954396
0.964166
0.866659
0.917356
1.037878
0.877576
0.857607
0.870678
0.988536
0.997924
0.889768
0.919043
1.151381
1.114897
0.88906
0.876413
0.846089
1.273515
0.799431
0.95058
1.022399
0.839261
1.011985
0.933035
0.869074
0.866329
1.275362
1.078478
0.961446
1.060264
1.036904
0.87389
1.125292
0.90138
0.942674
1.152286
0.917276
1.038268
1.171515
0.759601
0.917294
0.902502
1.271607
0.97996
0.832539
0.983841
0.760207
0.866927
0.727975
0.84864
1.023295
0.856738
0.821193
0.903688
0.936544
0.88574
1.088856
0.846971
0.941513
0.967965
0.945479
0.916831
0.919004
0.900502
0.940843
0.846696
1.06345
1.077724
0.996793
0.935294
0.951707
1.011951
1.119648
1.18213
0.872861
1.1607
0.900363
0.798458
0.908598
0.932177
0.834882
1.058766
0.859218
1.065093
0.833323
1.176254
0.816534
0.943456
1.032424
0.962736
0.907271
1.005445
0.889958
1.062056
0.823492
0.882147
0.807069
1.049633
0.946666
1.109761
0.869663
0.911774
0.804374
0.932452
0.851896
1.000889
0.901189
1.216645
1.10465
1.098733
1.365701
0.769379
1.210804
0.844076
0.838691
1.068283
0.845761
0.876363
1.232945
0.973018
0.91927
1.079968
0.933209
0.985876
0.975899
0.908222
0.883636
0.850272
1.000052
0.864552
1.160216
1.115633
0.880047
0.831857
1.018015
0.91073
1.058705
0.892833
1.032647
1.090931
0.873401
1.226092
1.317939
0.930259
0.858225
1.040145
1.200989
0.988483
0.851275
0.899476
0.881121
0.935693
0.87759
0.756928
0.831872
1.121161
1.221506
1.101196
1.272721
0.864458
0.943181
1.026127
0.876799
1.241182
0.941985
1.034355
1.078298
0.888364
0.877065
1.065862
0.799092
0.857959
0.753585
0.792125
0.865904
0.889921
1.139392
0.879222
0.949959
0.980614
1.16742
0.968765
0.89726
1.147936
1.1292
0.970275
0.785944
0.906605
0.995625
1.036736
1.030563
1.062613
0.963038
0.877148
0.948827
0.97451
1.150569
0.94551
0.941695
0.956914
0.961864
1.411247
0.92369
0.971367
1.034901
0.872468
0.905269
0.884585
0.867813
0.931976
0.928665
1.030268
0.844907
0.783717
0.914978
0.859495
1.043122
0.82433
0.967834
0.896491
0.963045
0.925923
0.746558
0.993518
1.068677
1.235303
0.967257
1.2031
1.012587
1.063885
0.93476
1.113725
0.832362
1.100288
0.935295
0.971628
0.859879
0.985466
0.914795
0.886273
1.110938
0.889662
0.795218
0.984816
1.168548
0.895067
1.039797
0.916308
0.88536
0.870166
0.798071
1.00052
0.900836
0.833789
0.87975
1.033129
1.230573
1.234657
0.881618
0.864052
1.266162
1.095858
0.890224
1.119752
1.104912
0.900523
0.957497
1.155486
0.985784
0.845122
0.885076
0.974378
0.998612
1.20736
1.028046
0.824278
1.242702
0.905373
0.807623
1.127201
1.221962
0.831931
1.078104
1.285395
0.827504
0.87406
0.808368
0.905367
0.927237
1.153725
0.847093
0.966564
1.04454
1.179019
0.989328
1.170266
0.999031
0.940464
0.849061
0.842567
1.166866
1.17166
0.779686
1.071984
1.046912
0.88852
0.885449
0.755149
0.862221
0.961085
0.845128
1.213093
1.094193
1.111494
0.975055
0.840336
0.891121
0.938829
0.955277
0.844128
1.160814
1.110526
1.069695
1.230921
1.208499
0.88119
0.831723
1.087059
0.945886
1.18169
1.11848
0.976868
0.877297
1.143894
0.927339
0.870103
1.002532
1.022259
0.842457
1.05217
0.874114
1.038885
0.914179
0.875664
0.856341
0.90168
0.984267
1.142733
1.100416
0.944315
1.007722
0.948908
0.89017
0.978351
1.126396
1.15624
0.849244
0.873737
0.889332
1.004721
0.810736
1.075502
0.969704
0.834351
0.758073
0.842253
1.17691
0.85711
0.811461
0.866061
1.023424
0.8519
1.107109
0.978998
1.137984
0.922368
0.861006
0.908128
0.90288
0.957512
0.91075
0.916662
1.21598
0.919301
0.837671
0.947408
0.971666
0.919117
1.05459
0.898006
1.167448
0.975118
0.929226
0.925209
0.889504
0.868116
1.05504
0.940134
0.851708
1.280157
0.873013
0.884399
1.142245
0.894595
1.190188
0.802313
1.07584
1.040209
1.021005
0.851372
0.899265
0.883007
1.091282
0.909946
0.887308
0.922067
1.11524
0.878494
1.070011
1.154418
0.889952
1.123925
0.927467
0.969461
1.140654
0.92758
0.785044
0.927697
0.854555
0.834217
0.880885
1.041261
1.313222
0.88269
1.065188
1.194983
1.045429
1.002482
0.91649
0.827165
0.803838
0.844905
0.825165
0.969764
0.98506
0.988203
0.944053
1.02242
1.150024
1.010628
0.951626
0.866271
0.812426
0.867867
1.097476
1.042298
0.904075
1.321118
1.364032
1.190851
1.014882
0.82682
1.017455
0.82481
0.907453
0.869938
0.901015
1.033853
0.850197
0.974349
0.908595
0.824099
1.064674
1.090883
1.253239
0.92248
1.04693
1.211758
0.772481
1.002956
1.27301
1.247705
0.939378
1.279586
0.857937
0.874595
0.961
0.939873
0.877787
0.996707
1.004696
0.887035
1.189337
1.126521
0.905567
0.855335
0.984237
0.781745
0.907769
0.86984
1.08333
0.854665
0.909274
0.847496
0.915635
0.869581
1.175879
1.112737
1.045133
1.072948
0.997967
1.042667
0.875962
0.930814
0.832417
0.995793
1.165051
1.03085
0.857707
1.007925
0.936341
0.854528
0.919958
0.886081
0.996819
0.817677
1.158583
0.944645
0.927026
0.859695
1.029205
0.895686
0.87522
0.937319
0.908449
0.847956
0.874853
1.359812
0.841724
1.015375
0.834292
0.950532
1.212738
0.91121
1.231718
1.219487
1.03037
0.95834
1.041974
0.856582
1.028947
0.895891
1.055919
1.051978
1.037562
0.911743
0.860169
1.099906
0.872034
0.971964
1.175824
1.168025
1.22842
0.837207
0.804659
0.863018
0.876421
0.946055
0.888396
1.001863
1.056039
1.097834
0.952082
0.929732
1.045069
1.053896
0.916308
0.854349
0.833421
1.014372
0.879337
1.030959
0.861953
0.938596
0.80383
0.973349
0.970145
1.050634
0.891823
1.184575
0.885385
0.902394
0.871601
0.838968
0.978911
0.934575
0.935909
0.945668
1.019393
1.019235
1.093425
0.996804
0.868505
0.900135
0.879114
0.875372
1.069642
0.906842
0.896429
1.080371
0.917688
0.987494
0.823503
0.916293
1.121256
1.162715
1.020923
0.925079
0.919364
0.937315
0.859675
0.883057
0.964611
0.948726
0.853176
1.095763
0.935916
0.821841
0.926174
1.084657
0.874372
0.989761
0.953323
0.941731
1.232689
1.23985
1.285318
0.942069
1.083489
1.228369
0.939555
0.960651
0.871706
0.879891
0.874029
0.943295
0.979974
1.030589
1.157542
0.901659
0.826547
1.136232
0.880427
0.916947
0.811163
0.842706
0.900592
0.912004
1.059168
0.922606
1.219668
0.844308
1.057996
0.948431
1.12449
0.900043
0.880859
1.124102
0.869906
0.947029
1.003091
0.904224
0.916477
0.900871
0.855726
1.322156
0.879782
1.011006
0.858152
0.877848
0.851321
0.917436
1.226489
0.991707
0.972398
0.875709
0.914759
0.872329
1.124691
0.913197
1.045801
1.121029
1.030158
1.025727
0.876851
1.163422
0.992824
0.898482
0.933611
1.029377
1.005399
1.063945
0.882989
0.839657
1.08671
0.982998
0.871175
0.847408
1.07947
0.846291
0.910491
0.971317
0.960938
0.918101
1.183681
0.951209
0.983107
1.004406
1.20592
0.959193
0.933235
0.870544
0.807613
0.853687
0.904287
1.110586
0.859983
0.892243
0.97981
1.041821
1.040935
0.867995
0.97799
0.956548
1.018303
0.860135
1.25576
0.808986
0.934622
1.081494
0.806123
0.941969
0.863773
0.820576
1.084245
1.093034
1.043821
1.074393
0.875716
0.8813
1.026875
0.913399
1.223458
0.880576
1.1903
1.005538
0.819626
0.984817
0.915543
1.000253
0.8383
0.86081
0.848511
0.929841
0.832405
0.893008
0.9087
0.934186
0.869218
1.100624
1.080664
0.82819
0.898105
0.90666
0.792209
0.874833
1.008993
0.902333
0.88559
0.86885
0.77932
1.026332
0.797448
0.841594
0.86742
0.923275
0.885242
0.902364
0.764946
0.940568
0.780139
1.278209
0.834035
1.099097
0.89778
0.840462
0.75708
0.906479
1.03314
1.018444
0.867293
1.080592
0.84665
0.897591
1.007116
0.960745
0.841517
0.9225
0.939087
1.101381
0.848855
0.838388
0.911855
1.130085
0.906711
0.933725
1.220268
0.892282
0.804636
0.93935
0.864182
1.126164
0.804565
1.011999
1.252005
0.921219
1.046355
1.002136
0.844457
0.910497
0.841167
0.856864
0.895527
1.183456
1.158141
1.080856
0.878259
0.926992
0.913611
0.856239
0.837403
1.116061
1.217459
0.922285
0.816528
0.874208
0.950162
0.864183
0.937543
1.03153
0.982419
0.964598
0.922776
0.965964
0.921611
1.05199
0.908098
0.911489
0.833214
0.98902
1.010832
0.991872
0.860739
0.996504
1.168417
0.949805
1.126525
1.016199
0.814559
1.043249
0.98635
1.054973
1.13437
0.819687
0.839002
0.90259
0.859806
0.850081
0.919802
1.115593
0.796837
1.083866
0.875089
0.895895
1.148829
0.897645
0.970224
0.857282
0.958774
0.889178
0.880343
0.944751
0.829241
1.010477
0.896567
1.020124
0.854484
0.860726
0.906229
0.831794
0.880252
1.060051
0.872849
0.977218
1.111804
1.024954
1.019103
0.803359
1.172099
1.074288
1.047827
1.209666
0.894611
0.969192
0.863967
1.025981
0.874528
0.965663
1.012461
0.773706
0.981795
0.931966
0.939013
0.888923
0.892109
1.084653
0.828927
1.108982
0.872818
1.101314
1.051693
0.962604
0.807505
0.869345
1.054804
1.251122
0.786457
0.941784
1.166844
1.085647
1.142677
0.942935
0.87582
0.939576
0.849904
0.9538
1.056366
1.134936
0.845088
0.986532
0.971788
0.927606
0.893723
0.901637
0.887277
1.23688
0.913749
1.217214
0.831592
1.071297
0.939802
0.888609
0.978048
1.135592
0.912651
0.900152
1.188041
0.90312
0.927358
1.047635
0.913384
0.900423
1.074955
0.841943
0.937994
0.892208
0.912476
0.84607
1.256616
0.832649
0.908681
0.889018
0.942378
0.827652
1.064966
1.101116
0.883335
0.838805
0.795112
1.085885
0.866801
0.899868
0.951381
0.876306
0.981105
0.92673
0.852871
0.840299
0.8595
0.984152
0.870836
0.956099
0.902188
1.019916
0.93844
1.129989
0.94367
0.991999
1.043751
0.854447
1.102891
0.920471
1.01551
1.014721
1.018899
0.871977
0.918222
0.898163
1.170188
1.195195
0.871379
0.906566
0.951693
0.936571
0.913869
0.844171
0.820888
1.218935
0.873297
1.235757
0.906398
0.950839
0.846857
0.900612
0.868316
1.051386
0.870221
0.848334
0.850837
0.897481
0.737585
0.899303
1.053568
0.987466
0.850789
0.871618
0.793759
0.869649
0.875744
1.219104
0.85314
0.849585
0.945889
1.204761
1.115754
1.064555
0.946565
0.991781
1.212274
0.895761
1.062752
0.84009
0.856507
0.760206
0.865814
1.111838
1.156452
1.13798
0.919591
0.943956
0.858629
1.157907
0.946956
0.919354
1.054798
0.92286
1.260893
1.198573
0.960744
1.134936
0.826731
0.927274
0.950584
0.846787
1.097088
0.922289
1.059161
0.988079
0.915799
0.851286
0.899409
0.85365
0.822135
1.041918
1.342151
1.07142
0.845003
1.011328
0.810017
0.957613
0.886505
0.963533
1.30758
1.230744
0.965517
0.872941
1.128604
0.927906
1.053041
1.139753
1.017191
0.821152
0.866668
0.837198
0.826102
0.954817
0.979421
0.815977
0.963749
0.846026
1.078021
1.101349
0.884798
1.251927
1.07333
1.198263
0.860111
0.846266
1.188746
0.963793
0.841213
0.952281
0.852076
1.212168
0.905902
0.838481
0.953582
0.871273
0.883408
1.14812
0.954982
0.885382
0.903582
0.814044
1.004632
0.81538
0.991007
0.874814
0.902656
0.822607
1.177198
1.456828
0.891972
0.859981
0.845952
1.145904
0.953713
1.028334
0.982595
1.25175
0.908856
1.250886
0.995951
1.026049
0.874695
1.214541
0.978454
0.937664
1.183065
1.035095
0.870657
1.103406
0.99768
0.982552
1.139074
1.057098
0.738755
1.018724
0.893077
1.111705
0.889348
0.874137
0.834365
1.243252
0.917392
0.841009
0.855829
1.079155
0.936406
0.87277
0.921528
0.898055
0.91556
0.986014
0.860782
0.931355
0.967231
0.823969
0.849251
0.867971
0.84231
0.901662
1.004138
1.035252
1.076864
0.913063
0.989414
1.141252
0.893095
0.883549
0.889334
1.028727
0.820694
0.848308
1.250206
0.895679
0.979368
1.06753
1.050085
0.925705
1.008404
0.911328
0.792966
0.918994
1.000024
0.963213
1.088826
0.954189
1.017207
0.903814
0.904026
1.116469
1.149543
1.003438
1.494313
1.00069
0.788585
1.176461
0.920664
0.912946
0.81786
1.049251
0.839514
1.122955
0.918017
0.963647
0.986861
0.878395
0.812499
0.985977
0.908599
1.07328
0.982601
1.164903
0.852396
0.883064
1.122768
1.282774
1.164286
0.856648
0.851635
0.899657
0.846513
0.772311
0.87871
1.064468
0.791088
0.922093
0.849415
1.183792
1.028221
0.787727
0.836053
1.009092
0.820762
0.821607
0.841755
0.96286
0.963164
0.917903
0.963099
1.004233
0.826395
0.911311
0.924075
0.91392
0.96761
1.063034
0.992185
0.886036
0.875922
0.85907
1.084823
0.973728
0.908495
0.886501
0.889506
0.869614
0.882506
0.929537
0.854569
0.950248
0.857158
0.781809
0.905104
0.842795
1.066167
0.905728
1.19662
1.112339
0.987937
0.810274
1.04081
0.876755
0.895335
1.177101
0.902392
1.081775
0.855699
1.113707
0.874502
1.063404
1.083655
0.94276
0.930541
0.859746
0.861572
0.904263
0.972659
1.073009
0.991049
1.065654
0.795627
0.901814
1.186854
1.056681
0.831316
0.91044
0.937399
0.881065
0.863553
0.894163
0.89006
0.919407
0.836159
0.98362
0.884365
0.915397
0.861036
1.074889
0.893897
0.922156
1.014385
0.767732
1.275826
0.920946
0.83488
0.867276
0.862781
0.908991
0.922047
0.796004
0.85332
0.830565
0.907834
0.859706
0.940428
0.974423
1.066855
0.845479
1.239192
0.963701
0.955406
1.243663
0.98786
1.169002
0.893976
0.829056
0.875743
1.003119
0.849913
0.92141
0.907487
0.871463
1.016786
0.856168
1.214527
0.874417
0.936559
0.812824
1.026304
1.010039
0.868786
0.883296
0.991438
1.004838
0.841045
0.873222
0.879954
0.92352
0.851016
0.862888
1.237595
0.860334
0.945839
0.879399
0.950645
0.901033
1.093063
0.927218
0.916789
0.913863
1.032361
0.774236
0.908796
0.846191
1.185826
1.300957
1.116968
1.268284
0.82529
1.041825
0.799612
0.856853
1.036325
1.011702
1.173199
0.836146
1.40751
0.853354
0.873062
0.896923
1.059187
0.932691
1.241566
1.027426
0.91991
1.106647
0.91531
0.830698
0.93363
0.921254
0.845829
0.936114
1.026701
1.004691
0.900021
0.870368
0.945076
1.046152
1.141681
0.978865
0.853328
1.114576
1.288531
0.968875
0.874528
0.753033
0.907745
1.017741
0.964649
0.978975
0.8743
0.877103
0.840547
1.003111
0.871043
0.983691
0.834638
1.096822
0.910516
0.920223
1.035749
0.965269
0.873613
0.901637
1.108559
0.941105
1.02701
1.028564
1.011315
1.090406
1.2964
1.062766
1.094602
1.133542
1.238411
1.053926
1.353649
1.024753
1.045171
0.776524
0.919442
0.923474
0.885525
0.855655
0.962989
0.800313
0.887583
0.895038
0.835285
0.817393
0.989995
0.998331
1.233272
1.274561
0.916824
1.067703
0.895848
0.929509
0.847371
0.821366
1.115644
1.046987
0.820608
0.808785
0.872123
0.860612
0.972811
0.850612
0.930273
0.910949
1.175482
0.946017
1.052589
0.91708
0.837567
1.062548
0.996165
0.891341
0.831622
1.058816
1.101979
0.843213
0.919951
0.820038
1.27254
0.897962
0.985279
1.031597
0.939753
1.054361
0.821415
1.037312
0.874174
0.820089
1.167993
0.859012
0.870314
1.018452
0.87804
0.94972
0.82494
0.838359
0.916367
0.988113
0.871694
0.940601
0.931428
1.236324
0.917696
0.863578
0.916858
1.0745
1.063365
0.833078
0.909807
0.97964
0.949038
0.911425
0.856751
0.898021
1.062329
1.019358
0.929415
0.821748
1.05125
0.944147
0.943324
1.128899
0.892922
0.939893
0.888507
0.864927
1.038606
1.218392
0.821814
0.864982
0.912224
0.879799
0.873749
0.932021
1.053
0.898488
1.257386
0.971849
0.965686
0.846816
0.962976
0.825438
1.06449
1.194517
1.025948
0.892967
0.87252
0.904373
0.901619
0.861947
1.257861
1.141713
1.042195
1.079457
1.018426
1.178934
0.817077
0.897599
0.890116
1.217692
0.901875
0.876648
1.058182
1.034245
1.050013
1.157102
0.961744
0.875702
0.992186
0.997561
0.874154
0.811246
0.916377
1.052679
1.286277
1.100266
0.82522
1.024053
0.985614
0.916543
0.866151
0.991915
0.938514
1.027609
1.133176
0.895042
0.986727
0.829604
0.961011
0.862551
0.899894
1.111573
1.237394
1.025169
0.878367
0.845077
0.967124
0.87093
0.919475
0.958182
0.881422
1.02462
1.062081
0.868611
1.104349
0.829478
1.039349
1.001242
0.936415
0.840593
0.790947
0.88812
0.869613
0.943787
0.827631
1.137176
0.748043
0.999814
1.003358
1.058249
0.781348
0.956196
0.907211
1.180458
1.015645
0.965122
0.951916
0.829947
0.833855
1.245173
1.160491
1.092028
1.111099
1.233563
1.314027
1.099328
0.99931
0.931447
0.829773
0.979071
1.067023
0.837902
0.88051
1.033113
1.099515
0.936136
1.021483
0.91432
1.171052
0.845138
0.867356
0.952017
0.920269
0.904096
0.859119
0.926065
1.157852
0.934385
0.911363
1.05822
0.894414
0.994219
0.838405
1.050528
0.924976
1.014293
0.788324
0.818587
0.794984
0.88731
0.955387
0.978455
0.983716
1.105923
0.879793
0.901971
1.056072
0.943441
1.067085
0.93776
0.885825
0.9023
1.167438
0.8745
0.958758
0.84546
0.939197
0.862147
1.075606
0.899098
0.867022
0.97917
0.882868
0.892214
0.946228
0.869486
1.233261
1.024212
0.854069
0.862624
0.884964
0.856344
0.820348
1.080025
0.822013
0.853458
1.244312
0.810665
0.998621
1.041562
0.902136
0.911756
0.897184
0.867455
0.998796
0.703462
1.23084
0.948239
1.010182
0.779938
0.94805
0.922964
0.875411
0.929923
0.813525
0.947421
0.839693
0.981616
0.885475
0.946249
1.051148
0.910759
1.047828
0.989361
0.85485
0.819383
0.861965
0.986468
1.12316
1.001864
1.234826
0.835255
1.108475
1.133215
0.895953
1.008177
1.084143
0.910875
0.87993
1.09017
1.062539
0.899125
0.901379
0.887979
0.857446
0.937659
0.841405
0.834151
0.889317
0.892621
1.218585
1.208473
1.078782
1.188459
0.976039
1.056391
1.154649
1.053941
0.840866
1.033145
0.965239
0.856339
0.823763
0.859121
0.790714
0.827033
0.86947
1.086164
0.815498
0.913684
0.872756
0.883649
0.742269
0.891485
1.077756
0.931096
0.92581
1.019477
1.001828
0.970279
1.044445
1.266238
0.819832
0.839102
1.017369
0.932701
0.864766
0.899871
0.939803
1.107725
1.046038
0.916026
0.981933
0.976126
0.912303
0.8219
0.826856
0.846539
0.894202
0.867925
0.884392
0.844078
0.910624
0.892699
1.019084
0.974521
0.869114
1.064938
1.240075
0.852667
0.956026
1.078419
0.94373
0.891715
0.819753
0.849658
0.787583
1.276166
1.072308
0.882719
1.047117
1.029687
1.12086
1.027534
1.051746
0.809335
0.879655
1.039327
0.889165
1.036582
0.996623
1.035173
0.960642
0.868145
0.935847
1.013882
0.938272
0.84417
1.204314
0.890305
0.873206
1.043086
0.934563
0.90345
1.369305
0.920957
0.965527
1.244927
1.008974
1.103253
1.098803
1.038398
1.004414
0.963926
0.916026
1.140264
1.133447
0.913269
0.810739
0.983218
0.876846
1.239195
0.862568
0.968512
0.877676
0.823463
1.030996
0.947815
0.999796
0.880444
0.801169
0.84865
1.084808
0.96089
0.953071
0.830855
0.865764
1.013724
0.876407
0.833343
1.096347
0.900062
0.849741
0.895167
1.084635
0.913636
0.988695
1.078543
0.8518
0.891155
0.871885
0.94421
0.948752
0.867006
1.107476
1.139048
0.926596
1.395196
0.88485
0.994123
0.840851
1.110987
0.841208
0.863749
0.941318
0.860442
0.9537
0.946577
0.947463
0.892454
1.166297
0.947646
0.91864
0.923031
0.831775
0.896333
0.818132
0.913585
0.931468
0.845921
0.873045
0.985032
1.020459
0.930527
1.087695
1.011698
0.897117
1.051293
1.213011
1.113542
1.12306
0.9015
0.89039
1.098438
0.875267
0.902118
0.881922
0.887426
0.986448
0.814803
1.086701
1.251207
1.151186
0.992396
0.834219
1.001148
0.95089
0.922362
0.85786
1.067142
1.042183
1.249946
0.875207
0.879131
0.856261
1.094952
1.051154
0.979216
0.883094
1.087713
1.241847
0.910748
0.831302
0.883988
1.107921
0.902668
0.840846
0.78752
0.903999
0.774996
1.035327
0.940122
0.855746
0.89094
0.851718
0.774493
1.016974
0.960176
0.975387
1.059815
0.74843
0.787158
0.916845
0.880664
0.851904
0.875308
1.028845
0.951747
0.937741
1.20621
0.856535
1.007597
0.886809
0.90068
0.938506
0.782323
0.954638
0.9155
0.836183
0.826967
0.941798
1.088463
1.057544
0.783194
0.878713
0.928286
0.988628
0.889177
0.805104
1.234237
0.77941
0.876253
0.913786
0.862068
0.84936
1.278419
0.823357
1.00211
0.938885
0.903962
0.907203
0.822209
0.750305
0.794461
1.058801
0.999691
0.827285
1.071246
0.882419
1.057411
0.858396
0.98544
0.990634
0.823607
0.903556
1.009453
0.892953
0.84106
0.897554
1.001899
0.978517
1.113579
1.153206
1.179996
0.982422
0.929769
1.130589
0.9951
0.875428
1.143286
0.837236
0.963944
0.825476
0.763545
0.986438
1.206152
0.962127
0.835272
1.148562
0.976254
0.867047
0.867631
1.109035
0.840505
0.998997
0.879137
0.995118
0.976923
0.996307
0.940401
0.83253
1.128284
0.859715
0.881353
0.856548
0.782873
1.133237
0.82727
0.797967
0.999268
0.877539
0.893486
1.020033
0.922939
1.072994
1.076304
0.933946
0.86987
0.876793
0.981862
0.826236
0.829512
1.264699
0.930291
0.930027
0.966432
0.969374
0.945607
1.260342
1.002053
0.839353
0.867405
0.788944
1.062254
0.954245
1.312278
1.346217
1.032114
1.311525
1.020383
1.051555
0.79511
1.016872
0.882329
0.862782
0.893703
1.091172
1.023159
0.904633
1.079785
0.875696
0.807312
0.97452
0.851687
0.976953
1.138352
0.843993
0.869754
0.925406
0.827984
0.866872
0.843533
1.178132
1.064264
1.15748
0.865642
0.870196
0.902364
0.952847
0.876155
1.10836
0.919994
0.857598
0.969298
0.813226
1.01348
0.864938
1.321546
1.32879
0.963078
0.858635
0.852319
1.109978
0.79727
0.790599
