0.757518
7.430656
1.395119
1.455434
0.742001
1.349494
1.675916
1.347097
1.31053
1.514162
1.61703
1.499235
1.529239
4.52917
0.975855
1.225275
0.954696
1.202584
0.906019
1.257896
1.498959
1.489046
1.288195
1.59793
1.411745
10.40894
0.621856
1.517406
1.495051
1.340629
1.291063
1.409521
1.413557
1.419434
1.656249
1.373962
1.023305
7.589916
1.35647
1.511776
1.624292
1.161848
1.442995
1.29166
1.446691
1.225014
1.465295
1.005128
1.357974
2.53603
1.445158
1.460823
1.459885
1.728411
0.821991
0.955709
0.982944
1.515089
1.510403
1.591103
1.503732
13.650977
3.717154
1.185608
1.365445
1.507924
1.413131
1.345649
1.564931
1.744775
1.436288
1.423788
1.019237
9.798276
1.045603
1.609003
1.284092
1.54957
1.560383
1.611831
1.322645
1.240244
1.554495
1.52383
1.482209
6.650878
1.698705
1.669364
1.471395
0.932152
1.707813
1.495901
1.216489
1.213119
1.059241
0.989823
1.5883
14.047489
4.124287
1.73762
1.540314
1.455851
0.98475
1.305041
1.485614
1.164769
1.550905
1.33894
1.121203
9.763704
4.218382
1.039017
1.019137
1.382904
1.164769
1.312154
1.487946
1.405604
1.588831
1.017494
1.377842
6.640986
1.428268
1.486501
1.053823
1.554986
1.611625
1.493025
1.587789
1.736886
1.470516
1.549758
1.444469
13.693254
3.745027
1.505392
1.452189
1.598682
1.329502
1.382249
1.327433
1.648817
1.706444
0.949966
1.498857
6.501804
1.210628
1.63188
1.135259
1.645918
1.513179
1.548963
1.351518
1.552353
1.510518
1.513336
1.327932
1.44569
5.768545
1.717674
1.488853
1.581748
1.653423
1.56713
1.429982
1.565741
1.263763
1.568593
1.610483
10.615383
0.818745
1.601208
1.582232
1.491157
1.366527
1.643587
1.413376
1.178802
1.310694
1.383444
1.039533
1.302432
9.520177
0.714155
1.117529
1.772881
0.932255
1.529753
1.365221
1.426628
1.085323
1.504177
1.467017
1.527961
1.812154
1.534633
1.68304
1.629446
1.379539
1.49603
1.320178
1.485281
1.46297
1.696427
1.497596
14.438073
4.529903
1.399681
1.260798
1.501137
1.060208
1.440872
1.39699
1.510125
1.308327
1.503264
1.537906
1.30908
8.090518
1.534954
0.892957
1.661562
1.573974
1.236152
1.622974
1.31525
1.592377
1.182228
1.683783
1.437243
5.502538
1.303427
1.405193
1.278593
1.488617
1.572495
1.122385
1.189038
0.915709
1.228919
1.644127
11.168422
1.155707
1.424825
1.599805
1.504028
1.560267
1.46539
1.091559
1.171265
0.915297
1.387459
1.030474
1.751297
8.726538
1.464004
1.536848
1.703257
1.684364
1.407131
1.612509
1.391725
1.255054
1.443287
1.625631
12.349873
2.406654
1.505711
1.365451
1.333937
1.4908
1.355127
1.279799
1.326287
1.429666
1.332223
1.61406
8.598733
1.380519
1.515204
1.37468
1.435879
1.472372
1.615471
1.446939
1.619015
1.272739
1.100946
1.450633
1.518075
6.17981
1.399047
1.634936
1.659885
1.001379
1.435874
1.668974
1.686954
1.610953
1.229521
1.598511
12.971192
3.04585
1.195968
1.331651
1.606173
1.263042
1.193356
1.047469
1.591049
1.316096
1.698308
1.415411
1.331891
7.682491
1.254247
1.323073
1.616609
1.441502
1.502118
1.61168
1.496987
1.497024
1.52428
1.678584
12.920287
2.987806
1.226922
0.972333
1.519414
1.1392
1.576688
1.438828
1.294338
1.239081
1.525584
1.38125
1.243164
9.422551
0.799032
1.551495
1.167634
1.188909
1.517171
1.062668
1.322652
1.571872
1.342736
1.557379
1.284645
6.519309
1.501649
1.432934
1.665544
1.543
1.396347
1.70691
1.333562
0.905789
1.453357
1.646381
12.195463
2.427211
1.011276
1.520675
1.308912
1.66317
1.562206
1.149908
1.721645
1.419576
1.485979
1.488256
1.569552
8.582758
1.302315
1.32294
1.309694
1.189615
1.60799
0.836125
1.463726
1.643607
1.597124
0.882664
1.427909
3.477938
1.622281
1.501019
1.468761
1.570082
1.523815
1.498311
1.572333
1.090532
1.475492
1.689774
1.448881
10.451634
0.594111
1.194103
1.68098
1.178263
1.055808
1.090661
1.376066
1.151799
1.161105
1.396913
1.281752
5.542821
1.165447
1.565906
1.471311
1.063889
1.329134
1.513869
1.347217
1.395771
1.391754
1.454953
12.316598
2.378954
1.46665
1.532348
1.38964
1.4439
1.585399
1.662593
1.546422
1.093672
1.282761
1.304532
1.769492
6.532521
1.495929
1.416729
1.237601
1.460541
1.130991
1.490491
1.591462
1.038568
1.551793
1.767178
11.314419
1.363201
1.464326
1.288658
1.586476
1.727492
1.717225
1.565118
1.378279
1.475882
1.477776
1.095947
1.281607
5.487079
1.454049
1.596123
1.640543
0.939043
1.300195
1.022841
1.456135
1.093172
1.579606
1.307722
1.361625
13.150992
7.7344
1.569922
1.474556
1.702743
2.60811
1.159034
1.50378
1.338816
1.27105
1.540221
1.173516
9.222437
3.766851
1.193125
1.444319
1.292524
1.486586
1.496002
1.32655
1.241813
1.579424
1.482857
1.625117
15.6023
5.691353
1.295623
1.366761
1.517844
1.250466
1.031883
1.184657
0.864827
1.247041
1.049619
1.313955
10.612848
0.675478
1.558573
1.421811
1.042284
1.429074
1.592412
1.309648
1.219824
1.590626
1.376978
1.260339
14.007298
4.123959
1.062677
1.444753
1.285451
1.577374
0.94497
1.474574
1.564016
1.431469
1.508974
1.376788
9.908328
0.711094
1.487674
1.193276
1.570237
1.676798
1.474702
1.481978
1.483516
1.636447
1.411887
1.729111
15.71526
5.874626
1.211801
1.268315
1.475607
1.301314
1.365872
1.371918
1.677916
1.302517
1.224586
1.525358
5.819511
1.584321
1.461591
1.105153
1.562208
1.054502
1.302685
1.554793
1.017864
1.42945
1.317411
1.35455
12.538
2.58211
1.620748
1.264933
1.644482
1.133753
1.140618
1.568718
0.940018
1.607638
0.849051
1.119396
6.522245
1.332542
1.323368
0.987315
1.564571
1.535296
1.393738
1.264589
1.622686
1.32192
1.569302
0.930302
11.562178
1.650241
0.890095
1.146264
1.604763
1.452881
1.047427
1.135944
0.923787
1.563902
1.026629
1.654541
3.068163
1.443198
1.534792
1.407043
1.611352
1.464299
1.448368
1.506692
1.142614
1.655468
1.582127
1.548546
12.664165
2.727921
1.620341
1.635474
1.199996
1.653744
1.855527
1.529022
1.037824
1.629304
1.020846
1.482486
5.468439
1.49251
1.506307
1.310567
1.328097
1.472114
1.139819
1.490486
1.43951
1.36801
1.503217
1.51945
12.625121
2.715005
1.298594
1.211655
1.32302
1.130797
1.513806
1.493702
1.401249
1.25805
1.267752
1.432422
1.641665
4.61995
1.117311
1.623984
1.327901
1.315534
1.689769
1.58338
1.281405
1.41419
1.180855
1.295664
9.594455
0.75143
0.955116
1.498628
1.402225
1.614345
1.625983
1.089257
1.495832
1.534161
1.458279
1.550835
4.569602
1.491175
1.27527
0.882913
1.473729
1.589664
1.192654
1.470189
1.547873
1.405735
1.665607
9.643429
0.743256
1.62694
1.546467
0.962274
1.493146
1.462477
1.573943
1.563192
1.331205
1.586563
1.644567
1.48918
5.827233
1.393835
1.222413
1.557541
1.367204
1.577914
1.511065
1.401456
1.241715
1.261776
1.584235
12.62009
6.630198
1.529391
1.522117
1.314938
1.538087
3.449268
1.556373
1.247046
1.350167
1.213176
1.534575
1.584295
9.695863
0.722819
1.319594
1.295343
1.523577
1.661294
1.180088
1.555898
1.590106
0.918148
1.669602
14.630625
6.712566
1.574843
1.247361
1.468016
1.505806
1.440002
1.5
1.481373
1.640234
1.382449
1.276008
1.419222
6.906541
1.547988
1.585382
1.010739
1.585127
1.391427
1.472387
1.090331
1.503414
1.556392
1.248038
13.592357
3.699819
1.309929
1.5733
1.277589
1.217149
1.507241
1.455903
0.851809
1.52773
1.445379
1.161837
1.623503
6.684387
1.159656
1.666888
1.191567
1.039501
1.470174
1.542322
1.140495
1.218461
1.226752
1.544725
14.112596
4.245975
1.224678
1.567694
1.104737
1.592042
1.453185
1.689442
1.524179
1.529367
1.508276
1.248081
0.784117
8.235442
0.848563
1.288513
1.294444
1.395743
1.573944
1.635764
1.364885
1.536214
1.53876
1.453608
14.161604
4.230987
1.516748
1.519544
1.59025
1.407913
1.492017
1.219003
1.496281
1.545087
1.449157
1.489168
1.573963
8.875006
0.882959
1.217589
1.625753
1.593231
1.573265
1.436637
1.480226
1.680625
1.601173
0.97085
1.552942
13.805186
3.864447
1.37585
1.371322
1.494316
1.375239
1.281615
1.482776
1.603883
0.954899
1.541832
1.597954
7.663273
1.229112
1.41326
0.886148
1.533233
1.324744
1.280513
1.270854
1.285728
1.398578
1.296181
1.389112
4.630983
1.497701
1.569641
1.170435
1.476122
1.378388
1.509254
1.188799
1.496383
1.597576
1.518234
0.992562
9.10086
0.781178
1.687294
1.557206
1.53215
1.405438
1.576112
1.536487
1.604896
1.578201
1.197161
1.585671
3.69567
1.507393
1.506322
0.958532
1.310481
1.629252
1.271741
0.884527
1.532104
1.250653
1.031855
0.876066
9.506685
1.266853
1.39802
1.309685
1.600758
0.997434
1.002526
1.639863
1.552951
1.249083
1.300782
1.545624
4.685366
1.443208
1.242854
1.492519
1.29332
1.646732
1.471285
1.387165
1.421697
1.520349
1.104201
1.472785
10.434811
0.667168
1.369976
1.574835
1.529241
0.90538
0.940195
1.246621
1.114517
1.510686
0.898682
1.251473
7.704025
1.476383
1.073895
1.267054
1.214516
1.079273
1.45298
1.586045
1.551062
1.438525
1.452065
1.424931
13.189719
3.350907
1.563773
1.239715
1.36885
1.423793
1.307561
1.665558
1.202912
1.415485
1.444181
1.105162
9.645684
1.52352
1.139306
1.376435
1.509583
1.583619
1.614832
1.410558
1.325359
1.491939
1.528891
1.606534
14.621263
4.79905
1.453126
1.178677
1.325762
2.632346
1.422227
0.90255
1.640779
1.604456
1.392895
1.494934
7.632369
1.114608
1.681394
1.266563
1.593221
1.598864
1.237502
1.055813
1.504503
1.331599
1.312044
1.15575
12.688403
2.810514
1.475023
1.504753
1.604117
1.426834
2.614554
1.128718
1.752013
1.539093
1.405436
1.023778
1.425897
8.587823
1.439355
1.448085
1.468107
1.550175
1.437712
1.316471
1.428244
1.646792
1.633768
1.348187
12.861875
2.977087
1.396224
0.844361
1.537673
1.289721
2.422204
0.840072
1.479165
1.488684
1.567182
1.386899
1.529763
5.537126
1.642275
1.328256
1.536048
1.626325
1.597233
1.268416
1.521365
0.918257
1.669919
1.393006
10.869881
0.906167
1.167853
1.211242
1.362941
1.561752
1.21528
1.500952
1.562007
1.565689
1.331359
1.365524
1.602484
4.936948
1.345528
1.290317
1.527763
1.47769
1.413749
0.953843
1.226583
1.375399
1.559775
1.343545
11.739545
1.75056
1.630209
1.469535
1.34977
1.411249
1.534585
1.316361
1.40219
1.486538
1.382485
1.113129
8.647818
1.362963
1.593896
1.664965
1.563409
1.54393
0.949766
1.328721
1.585382
1.537755
1.407311
1.164271
1.586769
5.487091
1.488265
1.497388
1.533312
1.633721
1.521113
1.519238
1.238883
1.462842
1.467366
1.553861
10.521872
0.53905
1.517876
1.568955
1.659231
1.162026
1.535437
1.567055
1.551012
1.604235
1.506851
1.57447
0.922574
6.423893
1.606233
1.561676
1.506285
1.544896
1.567478
0.969099
1.50006
1.312712
1.505312
1.204475
12.543775
2.644347
1.489649
1.557152
1.353191
1.615169
1.662559
1.337338
1.345677
1.449101
1.210757
0.859088
11.571307
1.610264
1.2051
1.098558
1.555525
1.388551
1.410206
1.604925
0.938989
1.486834
1.031701
1.411763
1.501017
5.29346
1.265539
1.186155
1.620662
1.240931
1.499332
1.563482
1.470385
1.198016
1.274932
0.810101
1.439852
11.653057
1.714504
1.256503
1.130597
1.324657
1.435165
1.445416
1.299238
1.382645
1.401388
1.526867
1.511354
7.569956
1.314535
1.349658
1.483104
1.414052
1.719674
1.17781
1.50722
1.595882
1.60796
1.33515
1.337081
13.395267
3.508477
1.517312
1.568151
1.047627
2.53001
1.560587
1.532415
1.725088
1.429472
1.475568
1.487885
10.439595
2.7946
0.885075
1.126302
1.06489
1.480995
1.52427
1.280762
1.652151
1.47803
1.114699
14.066705
4.10943
1.498631
1.163272
1.48919
1.653271
1.064946
1.3476
1.569685
1.374141
1.513104
0.924235
1.148388
10.425245
0.533576
1.50134
1.271055
1.418083
1.308644
1.1519
1.088188
1.597906
1.275418
1.236119
14.78973
4.818243
1.268505
1.562181
1.578612
0.876982
1.60574
1.464603
1.450995
1.698029
1.447644
1.246849
1.326078
7.633973
1.198312
1.548361
1.219572
1.51987
1.548924
1.204194
1.547046
1.651901
1.2655
1.436888
11.83909
1.806667
1.411998
1.197968
1.162425
1.540909
1.653746
1.37547
1.495418
1.298786
1.616831
1.374013
1.406883
6.68053
1.414109
1.071933
1.453247
1.071976
0.967381
0.929757
1.313011
1.622518
1.583037
1.469497
10.751806
0.925105
1.489162
1.544036
1.666028
1.25743
1.486187
1.544936
1.51513
1.238043
1.487456
1.50386
1.271964
6.659879
1.483335
1.459085
1.401071
0.953187
1.495956
1.507465
1.603562
1.270766
1.515557
1.561181
11.153383
1.238052
1.493479
1.619943
1.508887
1.574283
1.290012
1.621384
1.53034
1.587915
1.61303
1.089873
1.319335
8.491038
1.280936
1.339097
1.242102
1.306555
1.370649
1.15939
1.173816
1.457697
1.11081
1.30852
1.621794
10.822519
0.881202
1.182197
1.48302
1.298192
0.891592
1.028353
1.346846
1.276466
1.428622
1.474186
1.42333
8.739722
0.857417
1.575056
1.58453
1.445206
1.463876
1.467102
1.360238
1.506317
1.578875
1.191629
1.541758
11.677491
1.777111
1.22078
1.408442
1.419792
1.21238
1.485811
1.466347
1.456655
1.457378
1.689532
1.44734
9.890401
2.733238
1.493868
1.292075
1.239013
1.34996
1.683597
1.45934
1.423427
1.362411
1.145879
1.709781
14.626348
6.903291
1.4263
1.189387
0.921874
1.55229
1.565086
1.233112
1.566217
1.293512
1.490699
1.433816
10.218489
4.791
1.522281
1.531534
1.381805
1.381487
1.234422
0.778058
1.522499
1.328466
1.42507
1.024399
14.568718
6.110531
1.619697
1.529084
1.682051
1.429513
1.529568
0.948956
0.891713
1.299207
0.96027
1.566786
8.659673
1.538717
1.604682
1.50122
1.582683
1.532424
1.383933
1.606756
1.354645
1.412555
1.22155
1.083678
13.250916
3.295896
1.514761
1.138295
0.969423
1.128429
0.850621
1.578146
1.219693
1.497339
1.532083
1.438646
7.6111
0.868965
1.402981
1.143078
1.551018
1.600968
1.273079
0.877171
1.220879
1.509626
1.494988
1.529573
0.917044
3.721313
1.165754
1.403926
1.286699
1.251921
1.692815
1.234926
1.24665
1.428602
1.584071
1.044788
7.801233
1.396047
1.338407
1.555417
1.448723
1.343345
1.106642
1.181006
1.19465
1.699142
1.111779
1.449588
1.388728
4.654388
1.076887
0.980265
1.716104
1.227943
1.182317
1.274827
1.515323
1.687224
1.12844
1.022487
1.239433
9.495933
1.075331
1.65674
1.512052
1.517421
1.529949
1.18193
1.491494
1.564053
1.615216
1.465189
1.0685
4.652
1.740485
1.635164
1.761791
1.270879
1.567306
0.929067
1.470427
1.277307
1.761591
1.482614
0.918972
13.044001
3.071782
1.690849
1.536694
1.578278
1.272236
1.201701
1.214975
1.494406
1.59252
1.546071
1.462412
5.638669
1.560634
1.266097
1.495599
1.38752
1.51676
1.452013
1.527409
1.367425
1.318916
1.25719
13.48003
5.305486
0.856609
1.196919
1.412195
1.119761
1.437413
1.466147
1.5754
1.438472
1.561763
1.199476
1.067737
9.591803
1.427737
1.516282
1.698518
1.268585
1.533872
1.464101
0.995686
1.532507
1.534528
1.479887
1.219389
7.745867
1.426973
1.623419
1.325828
1.36214
1.719152
1.136355
1.536645
1.225943
1.602046
1.501956
1.606402
9.851701
0.756927
1.463253
1.518722
1.620001
1.524001
1.454193
1.343478
1.285756
1.701282
1.014765
1.632674
6.343158
1.297264
1.50722
1.611444
1.494702
1.371325
1.453042
1.35624
1.483116
0.977149
1.398453
10.394733
0.572877
1.375506
1.301092
1.12084
1.557994
1.5297
1.399539
1.695735
1.495779
1.632158
1.495723
1.533957
6.987825
0.942111
1.658044
1.266904
1.489189
1.391995
1.131356
1.319117
1.509247
1.587338
1.628108
13.672601
3.700922
1.490249
1.205848
1.304538
1.356419
1.619749
1.608554
1.488989
1.64517
1.458644
1.290231
1.52879
9.708404
0.513966
1.57108
1.243983
1.518305
1.689332
1.411767
1.652208
1.506933
1.190663
1.384615
1.149861
5.72641
1.527821
1.307865
1.531649
1.662151
1.154798
1.407005
1.483323
1.191575
1.615974
1.423008
1.538655
11.727065
1.728469
1.376066
1.504808
1.5933
0.998458
1.424185
1.658984
1.057067
1.62434
1.290758
1.441771
5.695523
1.427849
1.125467
1.626506
1.662678
1.522638
1.50445
1.33442
1.652531
1.376708
1.343965
1.623849
13.680381
3.765479
1.495059
1.268452
1.662265
0.938617
1.322825
1.356496
1.555861
1.444233
1.221343
1.361253
6.713824
1.276478
1.46874
1.49362
1.478129
1.311963
1.55824
1.519016
1.438483
1.367426
1.410736
1.474343
13.71789
3.778215
1.412747
1.479461
1.561427
1.374635
2.225445
1.494049
1.573627
1.351227
1.554295
1.72292
3.899128
1.536223
1.429009
1.429466
1.58039
1.444076
1.507361
1.529894
1.524756
1.515588
1.479517
1.559506
11.438606
1.559789
1.652024
1.193395
1.522428
1.383236
1.028
1.35903
1.576772
1.74574
1.486966
1.582757
7.482628
1.164819
1.42674
1.443608
1.66657
1.633965
1.15903
1.34473
1.494904
1.218757
1.354828
1.451522
4.950154
1.347036
1.355241
1.30717
1.227357
1.426073
1.506225
1.522029
1.529508
1.435873
1.373084
1.358848
7.926295
1.132614
1.538929
1.489035
1.629166
0.914301
1.495479
1.135083
1.261562
0.923274
1.193914
1.602048
8.65188
1.106248
1.713343
1.314472
1.587817
1.582378
1.349503
1.569199
1.649126
1.285913
1.256875
1.466075
7.254163
1.157092
1.410167
1.005019
1.547499
1.532957
1.565049
1.514325
1.404039
1.518155
1.227433
1.483308
14.185932
4.250999
1.539018
1.387309
1.565255
1.499608
1.452475
1.621169
1.428025
1.674629
1.324342
0.968258
8.702278
1.461388
1.178475
1.714324
1.515496
1.578966
0.994979
1.23237
1.29857
1.46706
1.608499
1.53786
1.417341
5.669459
1.367112
1.405319
1.55159
1.589029
1.150434
1.176354
0.994014
1.090611
1.070601
1.388096
14.521734
4.541032
1.591006
1.57946
1.464032
1.608495
1.14868
1.432415
1.474079
1.487024
1.30754
1.576093
1.665438
10.270466
5.652133
1.435465
1.450557
1.386578
1.737855
1.443945
1.277852
1.505442
1.529313
1.516512
1.472524
2.503433
1.550902
1.505887
1.547558
1.416355
1.449603
1.362966
1.537796
0.989276
1.232797
1.780838
11.670834
1.895603
1.522859
1.39411
1.22595
1.637082
1.702716
1.597319
1.433308
1.51741
1.535008
1.467999
4.617752
1.559496
1.633029
1.705243
1.041601
1.518232
1.517657
1.618158
1.544113
1.512666
1.626156
1.070811
0.915953
7.421913
1.389074
1.557564
1.364861
1.612694
1.532941
1.14667
1.408138
1.363052
1.329011
1.632763
12.644077
2.724251
1.064752
1.555613
1.470199
1.075112
1.449714
1.536157
1.600288
1.386289
1.588192
1.291819
1.154676
8.97449
1.128196
1.748039
1.662272
1.425306
1.63101
1.546105
1.328697
1.116905
1.371667
1.241962
1.528107
5.751988
1.575299
1.528466
1.508377
1.515821
1.45605
1.619752
1.503078
1.450479
1.632268
1.314065
12.656305
2.57125
1.183126
1.534898
1.242622
1.085742
1.51481
1.472569
1.500142
1.37524
1.58772
1.039714
7.701162
1.292202
1.414035
1.615246
1.288297
1.498611
1.185723
1.502163
1.345033
1.138279
1.506277
1.477055
14.523749
4.533436
1.519934
1.394381
1.365091
1.268438
1.103253
1.567216
1.590004
1.553004
1.465629
1.551591
1.557356
1.458845
11.613854
6.807778
1.453769
1.272095
1.550633
1.629836
1.31906
1.206568
1.245166
1.218768
1.170108
3.960106
1.587632
1.568589
1.270873
1.441003
1.668993
1.408852
1.487269
1.465287
1.543475
1.434654
1.21613
9.69663
0.516
1.665466
1.677501
1.568953
1.013989
1.319733
1.134385
1.517523
1.509242
1.280547
1.480543
5.699214
1.381353
1.304173
1.299782
1.223948
1.214083
1.530028
1.604174
1.227757
1.378369
1.182379
1.467389
4.311427
1.648499
1.39303
1.340183
1.563964
1.419806
1.576067
1.23581
1.570261
1.076322
1.422047
1.648541
8.642108
0.772936
1.716704
1.634161
1.465575
1.063723
1.286695
1.483418
1.437453
1.622084
1.709341
1.213621
5.714231
1.507664
1.509856
1.563881
1.536749
1.333801
1.387714
1.218344
1.469406
1.470412
1.490277
10.458925
0.546285
1.457607
1.536093
1.086291
1.358872
1.445749
1.424367
1.488983
1.392757
1.35692
1.534675
1.598777
10.451043
0.597005
1.657677
1.36907
1.40047
1.148113
1.525016
1.227881
1.576195
1.26644
1.308515
1.201789
7.707865
1.761243
1.339386
1.199388
1.265806
1.415657
1.524007
1.25119
1.554252
1.545098
1.408222
1.3418
1.625614
1.556523
1.359658
1.654305
1.000547
1.354494
1.343549
1.371583
1.586961
1.73295
1.14162
1.427517
1.455661
1.513365
1.632281
1.506101
1.390281
1.612584
1.567054
1.323412
1.69682
1.66114
1.224316
1.448432
4.540467
1.419701
1.369562
1.438095
1.671016
1.4957
1.412854
1.560074
1.379411
1.070725
1.548777
1.738124
3.307529
1.563205
1.566784
1.631745
1.703485
1.360224
1.494726
1.58223
1.50627
1.618515
1.491846
1.465558
1.349419
4.846098
1.476521
1.579873
1.416056
1.567159
1.083138
1.387054
1.501431
1.714339
1.558911
1.588758
10.305425
0.513149
1.579854
1.516578
1.38729
1.090134
1.203944
1.563754
1.267242
1.513136
1.578154
1.265064
9.483795
5.154266
1.377962
1.490088
1.495878
1.694764
1.473503
1.591637
1.403951
1.046183
1.432015
1.50254
14.71266
4.803681
1.592893
1.615567
1.193123
1.311051
1.396958
1.747244
1.431863
1.42413
0.924676
1.162702
12.220115
6.804929
1.473898
1.499012
1.439962
1.673827
2.891996
1.704826
1.615384
1.56823
1.550463
1.521007
7.532315
1.373962
1.293771
1.309892
1.499287
1.52241
1.623371
1.464384
1.379491
1.403565
1.60521
1.383176
12.488178
2.547205
1.420615
1.535966
1.414235
1.44638
1.245867
1.258314
1.378172
1.273422
1.264121
1.440176
7.641534
1.494608
1.072059
1.354628
1.541183
1.013914
1.147927
1.51583
0.947437
1.545655
1.466653
1.025704
1.45064
8.653851
1.90461
1.465559
1.288402
0.984516
1.400732
1.238095
1.463963
1.602713
1.284135
1.544742
11.364724
1.525888
1.684967
1.534852
1.708637
1.394084
1.667252
1.44255
1.292821
1.573479
1.605667
1.251023
7.010566
1.365686
1.707015
1.433489
1.473116
1.659583
0.845784
1.202256
1.142411
1.55501
1.4838
1.275196
1.328042
6.774091
1.522947
1.48273
1.35348
1.414165
1.227811
1.529367
1.416018
1.515149
1.161745
1.315483
15.552003
6.685448
1.10572
1.605715
1.150061
1.288154
1.524314
1.423439
1.32786
1.370069
1.54903
1.515164
1.597689
7.464946
1.304602
1.526334
1.444904
1.307033
1.26875
1.549983
1.346765
1.492513
1.239127
1.293602
1.055323
9.547222
0.500422
1.489858
1.226266
1.304585
1.494171
1.568873
1.635295
1.631089
1.502641
1.641649
15.83238
5.931664
1.532624
1.492677
1.062324
1.569673
1.049107
1.129584
1.473842
1.541983
1.50637
1.496968
9.030032
0.865488
1.202432
1.796304
1.633875
1.312536
0.868277
1.410193
1.332829
0.969365
1.140053
1.562978
1.353199
5.311447
1.301892
1.237054
1.330242
1.443328
1.569744
1.185488
1.214615
1.653959
1.332029
1.544972
15.357022
5.45628
1.668099
1.328134
1.338208
1.556155
1.634733
1.547942
1.606281
1.418641
1.617961
1.314366
1.440569
7.693833
1.269208
1.511543
1.434624
1.41403
1.289198
1.311404
1.08553
1.435645
1.487657
1.626972
1.605618
6.065525
1.415943
1.546707
1.539034
1.304827
1.225609
1.457817
1.446056
1.224874
1.327794
1.370253
12.267908
2.516627
1.438489
1.71316
1.548762
1.55237
1.540621
1.538726
1.540048
1.305176
1.499803
1.519104
11.297472
5.704407
1.228924
1.590464
1.226772
1.730615
2.379487
1.5697
1.462171
1.629513
1.630505
1.402175
1.445133
8.383487
1.403991
1.503446
1.399912
1.441613
1.24919
1.506332
1.425128
1.623991
1.416681
1.481922
0.956436
6.495867
1.322809
1.408024
1.124577
1.565374
1.407398
1.158662
1.29717
1.232302
1.337714
1.297528
7.746419
1.458705
1.628791
1.516853
1.480709
1.587124
1.192161
1.482538
1.696896
1.538925
1.515043
1.672272
0.952361
9.7974
1.660093
1.403508
1.738929
1.293444
1.482702
1.300038
1.484632
1.411307
1.42575
0.805815
1.72186
6.734349
1.463945
1.529497
1.491621
1.11759
1.172763
1.169981
1.386984
1.427297
1.412221
1.42384
1.702675
14.573933
4.644401
1.219058
1.152373
1.182974
1.396929
1.502963
1.505878
1.49691
1.44035
1.376467
1.608749
5.643364
1.404495
1.581141
1.537452
1.59856
1.391509
1.616434
1.339932
1.693304
1.094054
1.286671
1.535408
16.058251
5.975439
1.253159
1.320535
1.572589
1.238983
1.386427
1.417373
1.394697
1.288068
1.17524
1.247972
9.504016
0.886834
1.535603
1.480439
1.519265
1.170385
1.368281
1.232629
1.612168
1.476631
1.311449
1.495499
6.438468
1.331173
1.352125
1.509604
1.425625
1.475705
1.27822
1.297553
1.699102
1.55618
1.450178
1.277994
11.636796
1.76212
1.395131
1.548174
1.495308
1.475399
1.290874
1.474749
1.447491
1.453494
1.680008
1.450461
8.511677
1.509884
1.095339
1.538755
1.453945
1.694155
1.250725
0.89767
1.457455
1.193014
1.358791
1.624799
9.692257
0.485302
1.300773
1.704562
1.283644
1.504963
1.453962
1.677178
1.489391
1.473247
1.570044
1.580521
10.381566
2.77549
1.318071
1.31331
1.375401
1.689752
1.377879
1.342663
1.414682
1.439369
1.306262
1.515065
12.590775
2.648872
1.132403
1.412091
1.484708
1.247279
1.615151
1.5823
1.257383
1.420326
1.480847
1.379558
10.6293
2.457573
1.601935
1.537159
1.468995
1.410663
0.963663
1.358901
1.505829
1.530168
1.568439
1.529382
4.642148
1.483032
1.642948
1.377748
1.137753
1.264165
1.637321
1.460374
1.328972
0.845991
1.495752
1.627848
12.362455
2.412282
1.538432
1.576372
1.57712
1.209952
1.60822
1.326733
1.502024
0.850445
1.440963
1.455684
1.385086
8.521605
1.106728
1.551348
1.480684
1.142361
1.17736
1.544298
1.238495
1.254496
1.305159
1.618291
11.612825
1.7435
1.532177
1.583786
1.462493
1.149535
1.166135
1.497725
1.217809
1.682708
1.484446
1.359116
7.510174
1.458395
1.465238
1.527125
1.243413
1.573936
1.508881
1.663233
1.568308
0.865493
1.512814
1.619851
1.255523
6.333329
1.550111
1.600274
1.485901
0.951125
1.433957
1.57833
1.5906
0.943153
1.287439
1.221181
10.402401
0.462967
1.450473
1.667602
1.705438
1.390786
1.323954
1.552926
1.255514
1.628929
1.259627
1.558492
1.448838
9.597636
0.828941
1.450196
1.246831
1.410493
1.49323
1.374975
1.605298
1.279649
1.580475
1.524354
13.60098
3.823469
1.469998
1.37434
1.565521
1.789887
1.503332
1.524414
1.237588
1.208548
1.446207
1.382751
9.734436
1.714401
1.593294
1.090894
1.291732
1.267891
1.446934
1.509745
1.471023
1.5597
1.155067
1.481895
1.434722
4.538044
1.269999
1.515516
1.508755
1.220847
1.339684
1.523377
0.939006
1.524934
1.639066
1.42686
12.974355
3.861364
1.284838
1.223639
1.274444
1.512551
1.560141
1.500964
1.309117
1.548401
1.580888
1.497187
1.549192
7.568103
1.142923
1.49246
1.550078
1.130522
1.342962
1.745998
1.302292
1.221211
1.512662
1.572368
1.598101
6.569139
1.765713
1.660033
1.684141
1.607094
1.741575
1.459963
1.450053
1.524547
1.32352
1.737581
9.640855
0.875841
1.355188
1.513881
1.20939
0.784755
1.148025
1.413899
1.33153
1.487631
1.477251
1.745464
1.229843
8.641595
1.083752
1.361474
1.527072
1.650684
1.396281
1.477765
1.557262
1.235409
1.498953
1.101508
12.545391
2.601503
1.564458
1.620798
1.581845
1.433501
1.088514
1.50276
1.577359
1.530404
1.538856
1.604016
1.519093
10.317797
0.548954
1.670963
1.624335
1.446755
1.147578
1.292002
1.301435
0.94032
1.498803
1.350598
0.830747
5.043978
1.368593
1.641654
1.564435
1.540554
1.51561
1.54566
1.522962
1.599681
1.58276
1.409033
14.753521
4.843043
1.267098
1.621583
1.178341
1.533333
1.552351
1.512817
1.404046
1.245274
1.500192
1.543397
1.450759
9.131485
1.626599
1.636346
1.668106
1.632871
1.618797
1.576958
1.618728
1.355037
1.611856
1.609475
1.2576
8.540789
1.234304
1.330909
1.464106
1.510153
1.372441
1.45883
1.310333
1.4896
1.313315
1.520291
1.399198
9.552644
0.828416
1.679242
1.216873
1.428317
1.414832
1.269894
1.590718
1.532866
1.640492
1.617127
1.434028
7.660876
1.574513
1.551416
1.457879
1.285035
1.330598
1.263309
1.221591
1.467562
1.407585
1.488643
1.4165
1.46758
1.489931
1.408208
1.218431
1.464496
1.513464
1.461341
1.465694
1.634057
1.612769
1.654836
1.525765
12.789927
4.582982
1.58474
1.567029
1.559987
1.564589
1.258063
1.625277
1.326364
1.525991
1.620439
1.365198
6.614968
1.50367
1.42018
1.457221
1.686938
1.494576
1.489484
1.485435
0.974847
1.295708
1.515089
1.462228
5.695086
1.497203
1.632302
1.573684
1.426794
1.497897
0.944296
1.541368
1.558577
1.181811
1.560654
1.524388
14.546938
5.865818
1.310242
1.472474
1.384478
1.447908
1.316969
1.49577
1.442235
1.436966
1.17821
1.254453
11.02688
5.361183
1.666148
1.625441
0.896711
1.441757
2.566197
1.507724
1.546876
1.481436
1.655974
1.566279
8.589654
0.933913
1.803615
1.572053
1.492512
1.447621
1.385432
1.456944
1.093854
1.137048
1.441601
1.47078
14.579479
4.708517
1.560105
1.587473
1.541223
1.392618
1.266797
1.658141
1.435695
1.347261
1.65745
1.733981
7.509749
1.466664
1.633021
1.516088
1.234614
1.522096
1.132895
1.468584
1.370606
1.506074
1.47162
1.483885
1.230755
8.190769
1.50038
1.285873
1.659179
1.51745
1.457039
1.479773
1.583176
1.599517
1.466479
1.575472
11.91278
2.040732
1.240787
1.670999
1.655552
1.174635
1.601245
1.513874
1.265688
1.517951
1.418375
1.418193
10.349321
2.564298
1.590866
1.237045
1.526331
1.370106
1.133868
1.354933
1.309544
1.452603
1.377555
1.276601
1.509701
3.394369
1.426876
1.278501
1.288083
1.477914
1.504909
1.545846
1.560717
1.689564
1.51695
1.602264
13.742753
3.825041
1.352548
1.274561
1.293602
1.471889
1.61549
1.512617
1.526392
1.563907
1.534751
1.551816
6.521413
1.459375
1.445256
1.719021
1.15557
1.588185
1.525887
1.380499
1.506696
1.518309
1.32916
1.454424
1.720596
8.531906
1.452707
1.144815
1.402034
1.690152
1.701624
1.546134
1.583477
1.481746
1.417056
1.666999
8.721153
1.464784
1.146753
1.444335
1.545452
1.561089
1.404451
1.605296
1.521629
1.436244
1.561509
1.264502
6.716335
1.264302
1.469451
1.625769
1.266627
1.444931
1.204324
1.241109
1.525167
1.557698
1.471403
1.655648
1.117669
4.576767
1.510073
1.518881
1.649798
1.667234
1.406569
1.57366
1.480025
1.588797
1.435143
1.51489
14.727284
8.795662
1.495265
1.405466
1.55723
1.60501
1.3459
1.56136
1.372588
1.576085
1.435578
1.646547
1.590839
6.964936
1.488484
1.446258
1.381381
1.555013
1.65187
1.448052
1.289715
1.626365
1.362245
1.552457
1.507908
3.573601
1.478108
1.341771
1.425738
1.61991
1.535485
1.309769
1.416356
1.501664
1.659598
1.642469
14.669661
6.249471
1.625801
1.477459
1.377883
1.64844
1.635479
1.630879
1.570069
1.420129
1.27378
1.337793
1.580977
10.478499
3.731616
1.371192
1.410847
1.557348
1.483063
1.699438
1.675303
1.273351
1.513592
1.683129
1.454176
5.727716
0.74159
1.477974
1.721888
1.606849
0.932602
1.70911
1.718741
1.499354
1.308369
1.430805
13.869695
3.931665
1.614425
1.452271
1.578613
1.679928
1.524672
1.129727
1.221662
1.554216
1.566607
1.707193
1.372096
7.602995
1.568324
1.342366
1.493059
1.474808
1.321344
1.535446
1.409178
1.668962
1.411738
1.333209
1.674491
7.65078
2.529733
1.600064
1.473134
1.41931
1.716271
1.469089
1.704242
1.463241
1.379665
1.545739
11.669026
1.816908
1.268349
1.415121
1.553133
1.315127
1.645667
1.451543
1.62414
1.676226
1.187864
1.467274
1.511519
11.392592
1.985741
1.487478
1.454539
1.573317
1.493038
1.566058
1.475238
1.616187
1.641572
1.580265
1.442896
4.633755
1.508311
1.503556
1.381136
1.345387
1.458896
1.503557
1.464172
1.655704
1.303786
1.38088
15.120148
5.266138
1.446356
1.24859
1.549686
1.334694
1.653839
1.648313
1.203489
1.498712
1.288457
1.546439
1.580216
8.485215
1.626144
1.535401
1.491121
1.202663
1.417229
1.106712
1.149719
1.666424
1.498192
1.486422
1.544016
6.304205
1.567062
1.541538
1.256602
1.54885
1.536543
1.573878
1.524074
1.674311
1.366152
1.636114
1.61171
10.442994
0.50171
1.604208
1.184114
1.443064
1.473624
1.109239
1.541098
1.507511
1.713989
1.560729
1.35402
9.373281
1.444802
1.224645
1.450789
1.498161
1.649234
1.388498
1.176988
1.468056
1.395417
1.537359
1.560144
2.68617
1.238994
1.470354
1.306489
1.213033
1.494894
1.191905
1.644823
1.322436
1.613552
1.321276
1.284222
13.272028
5.980801
1.363374
1.600422
1.559172
1.232919
1.551935
1.597157
1.690665
0.914305
1.53998
1.672139
10.359325
1.117988
1.699748
1.296593
1.711775
1.629093
1.564852
1.62553
1.587244
1.556415
1.537501
1.505952
2.442781
1.478141
1.415487
1.456725
1.304756
1.551439
1.239554
1.369155
1.264044
1.428618
1.532058
1.59714
7.68917
1.394852
1.305501
1.211154
1.683534
1.369133
1.186311
1.534826
1.587618
1.198015
1.280429
1.562498
9.707535
1.155346
1.516735
1.448756
1.332459
1.480663
1.555319
1.471363
1.748662
1.531385
1.374365
1.684761
7.422939
6.089203
1.276267
1.205495
1.608426
1.278643
1.509204
1.278644
1.540008
1.250032
1.27201
1.064503
12.491763
2.543197
1.466873
1.553924
1.292512
1.448104
1.573914
1.144774
1.506763
1.243842
1.372339
1.580328
8.702272
1.167422
1.477165
1.511496
1.381261
1.088161
1.510421
1.630853
1.69382
1.140148
1.521967
1.594748
15.710492
7.731689
0.864514
1.216322
1.553834
1.216403
1.698549
1.43925
1.426456
1.030653
1.515327
1.533539
11.196974
2.416481
1.592462
1.211174
1.545027
1.515539
1.616137
1.396312
1.496064
1.627836
1.553938
1.213816
1.461647
7.605483
2.316715
1.538798
1.543115
1.706442
1.509669
1.342354
1.477278
1.512456
1.396268
1.120918
10.492584
0.523839
1.594599
1.500644
1.529067
1.272634
1.466443
1.271084
1.146394
1.436353
1.41477
1.002527
11.719422
1.835533
1.135412
1.226053
1.256764
1.618032
1.745553
1.400676
1.520674
1.624536
1.426604
1.184444
1.560173
5.483452
1.508079
1.12395
1.600456
1.326682
1.670114
1.560593
1.593573
1.47356
1.607138
1.491094
15.457489
5.519793
1.487405
1.627387
1.265796
1.443395
1.787723
1.632795
1.231474
1.591879
1.499773
1.648071
8.513885
1.318856
1.39894
1.240066
1.498469
1.437665
1.332233
1.721802
1.490713
1.654769
1.371567
1.277373
1.56955
7.457627
1.475497
1.267222
1.579272
1.417096
1.003466
1.551108
1.4003
1.42353
1.446856
1.60933
10.412067
0.453104
1.386983
1.208173
1.685998
1.224422
1.677105
1.009659
1.52473
1.13587
1.680158
1.109179
8.681952
1.215375
1.331203
1.549165
1.367447
1.155788
1.128957
1.290123
1.340634
1.624484
1.471748
1.610295
1.610452
4.105082
1.630989
1.217675
1.657418
1.347761
1.65046
1.5828
1.281694
1.197734
1.478647
1.603938
10.496042
0.709482
1.508221
1.509593
1.693543
1.231589
1.532721
1.275378
1.573856
1.65478
1.434021
1.163098
1.5021
4.459699
1.51997
1.546719
1.553241
1.016524
1.408326
1.649145
1.614048
1.126242
1.275163
1.180104
13.947472
6.39293
1.567678
1.600467
1.396839
1.402691
1.604598
1.599862
1.279025
1.659505
1.315223
1.488747
1.33179
11.625297
1.718049
1.506014
1.535673
1.533861
1.425118
1.740446
1.615737
1.504796
1.435958
1.610011
1.611989
6.738879
1.460668
1.64106
1.516479
1.450057
1.397702
1.553811
1.256461
1.278761
1.7471
1.497053
1.52551
13.674898
3.763217
1.558064
1.643149
1.417248
1.396787
1.711314
1.489903
1.54901
1.182714
1.318268
1.525257
10.474752
2.575253
1.302813
1.162373
1.718397
1.12943
1.642012
1.600714
1.633042
1.53051
1.085003
15.231782
5.987299
1.341575
1.611526
1.263695
1.356628
1.370518
1.577355
1.495821
1.571741
1.53743
1.504029
1.63792
10.50486
3.970011
1.423656
1.612854
1.648718
1.1511
1.274444
1.659165
1.410989
1.488828
1.435617
11.228187
1.337192
1.548201
1.347498
1.611485
1.230075
1.560859
1.197425
1.310134
1.179271
1.319404
1.233277
1.434602
9.677251
0.769164
1.278969
1.40526
1.564935
1.185353
1.635075
1.226624
1.422598
1.375082
1.571671
1.210937
5.736123
1.35706
1.512256
1.43346
1.476608
1.663508
1.475787
1.563039
1.62336
1.548716
1.568686
14.965952
5.066516
1.31281
1.305508
1.438494
1.59987
1.536807
1.220818
1.589417
1.376383
1.593232
1.639713
1.611908
9.675969
1.174269
1.664299
1.31015
1.007194
1.260648
1.316743
1.592485
1.611552
1.658778
1.619709
1.653582
6.573084
1.446892
1.323409
1.612659
1.584948
1.584769
1.707884
1.595071
1.391678
1.562341
1.432436
1.541196
10.275008
0.478843
1.677114
1.462521
1.480004
1.506415
1.219574
1.53767
1.095795
1.271957
1.663059
1.301035
9.776887
0.862245
1.290232
1.680115
1.417592
1.562413
1.536981
1.616649
1.296131
1.471596
1.598108
1.474152
1.315812
4.483402
1.388875
1.53217
1.356979
1.300246
1.010048
1.638681
1.476627
1.555919
1.751986
1.405262
12.848467
4.45439
1.467975
1.420725
1.579227
1.42756
1.592524
1.471309
1.150635
1.510119
1.547625
1.309202
5.733721
1.50467
1.205638
1.466496
1.338901
1.295895
1.616017
1.696697
1.294074
1.489221
1.564522
1.41242
15.686938
5.665714
1.593258
1.363486
1.601118
1.396875
1.286568
1.397583
1.606369
1.151484
1.440591
1.467485
6.627314
1.552538
1.618039
1.473292
1.481622
1.259074
1.735655
1.389021
1.392906
1.687774
1.546617
1.109335
1.323626
6.522269
1.566047
1.39852
1.624432
1.114718
1.578204
1.589899
1.402475
1.363522
1.376307
1.281267
13.753792
5.725446
1.407644
1.373995
1.334478
1.366333
1.692334
1.371995
1.249579
1.738458
1.645912
1.233237
10.356166
2.490552
1.309657
1.279666
1.327481
1.216043
1.691328
1.415815
1.522443
1.484502
1.252003
1.482961
1.489091
6.364507
1.51229
1.403892
1.421004
1.607594
1.275853
1.347147
1.690104
1.501584
1.562224
1.400701
15.942966
6.079334
1.433989
1.54609
1.542708
1.308599
1.444319
1.467831
1.292452
1.493635
1.422398
1.546106
11.322651
2.209191
1.357936
1.336777
1.376126
1.417025
1.793206
1.512651
1.395716
1.425604
1.313974
1.139039
7.504475
0.847071
1.121968
1.313419
1.600444
1.491463
1.564613
1.412415
1.502003
1.489473
1.540954
1.52595
15.620651
5.719829
1.522009
1.318001
1.21513
1.452006
1.131915
1.473276
1.280122
1.520652
1.448785
1.15454
12.475002
5.732129
1.452855
1.548893
1.41893
1.607788
1.35447
1.654058
1.590131
1.494194
1.516005
1.43289
1.439538
7.714693
0.794951
1.29038
1.331068
1.308735
1.642741
1.516514
1.395851
1.436639
1.533962
1.518423
14.971596
4.995939
1.507629
1.442402
1.351408
1.53566
1.282732
1.358696
1.461859
1.278362
1.303421
1.689567
8.925289
0.845402
1.398035
1.311083
1.131034
1.256025
0.87646
1.423996
1.39032
1.330518
1.499638
1.255555
1.245208
9.467527
1.246923
1.18764
1.499388
1.407209
1.196506
1.378269
1.645391
1.427021
1.208062
1.695055
1.151773
3.635117
1.361643
1.259574
1.760652
1.259946
1.410513
1.233102
1.209262
1.461603
1.546161
1.439907
12.74511
4.731566
1.224534
1.528014
1.314196
1.490205
1.270186
1.227032
1.113855
1.169382
1.334408
1.568765
1.685144
5.880642
1.539833
1.305879
1.492154
1.472866
1.458373
1.629108
1.53511
1.366393
1.465744
1.194398
16.42357
6.460359
1.36575
1.273046
1.382205
1.598719
1.254391
1.53538
1.414181
1.325211
1.670559
1.463199
9.726005
0.510663
1.421482
1.313708
1.5253
1.280979
1.425596
1.533402
1.484264
1.633747
1.316118
1.535816
1.557553
8.463114
1.270611
1.362028
1.560089
1.41183
1.571329
1.513499
1.492612
1.284691
1.028287
1.573598
12.669484
2.682722
1.163163
1.713946
1.447285
1.238727
1.394877
1.162767
1.220474
1.169261
1.488848
1.429062
1.60197
10.353572
0.538138
1.369052
1.324252
1.212216
1.259581
1.422424
1.604609
1.360412
1.379656
1.513266
1.267862
2.559905
1.539523
1.58918
1.273807
1.347408
1.326191
1.608612
1.65104
1.198454
1.183433
1.463859
1.484658
10.393758
0.559506
1.542166
1.610052
1.525802
1.412563
1.684368
1.521405
1.484452
1.605423
1.580625
1.280927
6.448982
1.182245
1.486979
1.337022
1.476462
1.527172
1.200529
0.989592
1.59816
1.430822
1.196508
1.349461
2.672425
1.118189
1.735838
0.952033
1.171685
1.264871
1.298343
1.599848
1.541331
1.114373
1.463015
1.588693
13.536235
3.629916
1.472638
1.225527
0.877506
1.667216
1.542876
1.338386
1.474635
1.069588
1.378149
1.412129
9.657207
4.69519
1.429336
1.330365
1.73276
1.647931
1.874227
1.519953
1.539982
1.576021
1.5992
1.408814
7.262962
0.860684
1.55262
1.410828
1.488664
1.492867
1.259693
0.988784
1.264057
1.452203
1.540099
1.38808
13.729804
7.836517
1.451654
1.564799
1.167281
1.600556
1.433906
1.569561
1.671817
1.486041
1.451043
1.551988
6.717186
1.174344
1.301576
1.212481
0.961199
1.581282
1.504935
1.111613
1.611705
1.50978
1.362284
1.435459
7.176807
1.288377
1.682721
1.282779
1.189936
1.280999
1.37066
1.213371
1.15383
1.314558
1.486171
1.562364
11.642952
1.64455
1.729698
1.704936
1.291824
1.591199
1.138923
1.145098
1.104568
1.450114
1.269759
1.486186
10.069253
0.589223
1.306786
1.497784
1.371053
1.546094
1.606252
1.651695
1.579756
1.452322
1.066367
1.319421
2.803353
1.671547
1.70563
1.299106
1.735628
1.549379
1.478829
1.361756
1.234945
1.359381
1.461892
1.576119
12.750207
2.791445
1.318434
1.440229
1.542141
1.472412
1.563454
1.609333
1.624352
1.489531
1.52566
1.6674
1.549288
5.697804
1.538213
1.69219
1.439326
1.549317
1.485414
1.425568
1.401188
1.269196
1.67143
1.561576
15.70981
6.485352
1.536857
1.583117
1.497545
1.278181
1.483361
1.677495
1.551299
1.408987
1.731681
1.23719
9.882063
0.510261
1.357467
1.467253
1.520674
1.453
1.587449
1.344035
1.628898
1.608764
1.453025
1.588909
1.275244
8.627868
1.023998
1.236712
1.313763
1.718993
1.672485
1.403111
1.51527
1.606227
0.933965
1.451035
11.628241
1.644935
1.443548
1.180151
1.754433
1.454731
1.507822
1.506465
1.679251
1.266674
1.557959
1.337254
10.299177
0.520438
1.474046
1.53381
1.522908
1.253349
1.492252
1.524839
1.136284
1.489103
1.501007
1.359403
1.115408
5.092191
1.505737
1.241635
1.206979
1.517456
1.27004
1.720784
1.32406
1.478041
1.210051
1.417869
1.296075
3.864777
1.092422
1.657947
1.219758
1.308007
1.204484
1.377864
1.483597
1.142472
1.521154
1.429601
6.433758
1.300405
1.544679
1.516478
1.539643
1.43965
1.245232
1.242975
1.305042
1.494823
1.701673
1.103495
1.487834
10.369844
0.658553
1.411948
1.326907
1.32134
1.353757
1.508421
1.565766
1.387128
1.564904
1.618376
1.346411
6.040832
1.204586
1.513469
1.601867
1.536878
1.158105
1.058503
1.199863
1.001401
1.344545
1.644207
11.630252
4.539626
1.123556
1.571072
1.216166
1.296282
1.954493
1.436376
1.595348
1.532776
1.278101
1.533811
1.253384
8.053963
1.417603
1.517805
1.615644
1.601844
1.48598
1.604074
1.728367
1.128473
1.359271
1.642774
14.472422
7.698921
1.10152
1.506411
1.53423
1.502073
1.296955
1.364882
1.367375
1.541965
1.378249
1.551873
1.517285
11.587609
3.536635
1.517629
1.269189
1.391041
1.51003
1.557499
1.336728
1.688211
1.201646
1.50609
1.139977
5.713857
1.313276
1.453468
1.126402
1.344366
1.490853
1.172826
1.365006
1.395878
1.450524
1.482197
1.339239
1.61248
1.264706
1.513168
1.420967
1.535688
1.136121
1.404704
1.345873
1.292769
1.150858
1.288893
1.343173
1.208327
1.696806
1.093458
1.038642
1.331511
1.130046
1.539745
1.497703
1.38515
1.730217
1.45787
1.569485
1.62806
1.272711
1.47208
1.369254
1.324741
1.562273
1.702874
1.487479
1.558698
1.49578
1.094794
9.604944
0.797604
1.348591
1.466134
1.289658
1.46698
1.547608
1.270617
1.695795
1.479381
1.35867
1.537452
1.542492
5.725596
1.49141
1.311442
1.569914
0.892136
1.410879
0.962215
1.495192
1.442331
1.488114
1.25143
12.478065
4.500704
1.52969
1.623863
1.338644
1.301573
1.538023
1.298225
1.716844
1.156452
1.470621
1.441555
1.446189
3.673707
1.553769
1.317888
1.64102
1.73159
1.668299
1.525087
1.421873
1.500407
1.499197
1.544469
12.896688
4.387787
1.002629
1.282392
1.493766
1.293011
1.270581
1.279098
1.572426
1.512611
1.501151
1.315112
1.540427
3.565681
1.426413
1.50022
1.530322
1.517751
1.54222
1.582509
1.654684
1.556168
0.920721
1.450074
12.896198
2.977469
1.073401
1.121486
1.530547
1.352415
1.266705
1.482823
1.449722
1.380037
1.566978
1.5607
1.22127
9.884586
0.499287
1.450661
1.351694
1.460673
1.412279
1.360793
1.39318
1.208015
1.464502
1.687758
1.276963
8.374921
6.592552
1.661322
1.319503
1.574211
1.573365
1.653628
0.962046
1.267717
1.460347
1.379688
1.600025
10.444147
5.57378
0.992417
1.588544
1.135122
1.6995
1.565586
1.13421
1.351715
1.563711
1.648177
1.416182
1.11927
7.2005
1.781647
1.174862
1.506774
1.24149
1.767785
1.363447
1.084547
1.228128
1.239413
1.244272
11.710207
3.141729
1.473841
1.391291
1.285581
1.436552
1.514232
1.401926
1.709065
1.346766
1.564497
1.831263
1.143195
3.788427
1.543774
1.322374
1.495822
1.638101
1.514925
1.574716
1.375259
1.379261
1.477813
1.31967
8.097005
1.284341
1.708763
1.502071
1.483566
1.591825
1.658587
1.572823
1.62823
1.427175
1.400745
1.438961
1.272918
5.770618
1.51274
1.27658
1.51144
1.30231
1.475672
1.683567
1.249521
1.494214
1.486161
1.399855
8.419992
1.359004
1.553625
1.555369
1.794146
1.454918
1.702939
1.707119
1.173375
1.02947
1.251347
1.421182
1.322311
6.635447
1.34359
1.424341
1.534344
1.4821
1.670177
1.392238
1.373588
1.58605
1.53504
1.186006
6.653054
1.384916
1.355312
1.491438
1.321804
1.520508
1.478
1.558755
1.582602
1.28744
1.585323
1.498759
15.540174
5.617778
1.029767
1.547443
1.735373
1.496933
1.577006
1.168141
1.545535
1.271345
1.454537
1.67502
7.49251
0.946554
1.279605
1.491759
1.357269
1.594314
1.489275
1.637875
1.565722
1.060679
1.358317
1.71098
16.072249
6.168427
1.350202
1.37194
1.662663
1.375064
1.078447
1.230121
1.434663
1.576145
1.597045
1.330174
7.59004
1.553152
1.238784
1.612771
1.336932
1.180825
1.624374
1.399584
1.196037
1.420057
1.447964
1.628578
16.700262
6.727277
0.855929
1.539189
1.12057
1.604041
1.060515
1.389019
1.260252
1.316946
1.427641
1.479391
1.459349
8.378326
1.296584
1.429781
1.483702
1.295184
1.224089
1.705736
1.087864
1.463559
1.526439
1.425776
15.569472
6.141032
1.530584
1.550569
1.371911
1.438935
1.248633
1.558102
1.65195
1.433099
1.745533
1.486899
1.258755
5.701272
1.463985
1.442295
1.430864
1.463621
1.440507
1.403008
1.430504
1.24697
1.394323
1.170665
11.301426
1.40891
1.093185
1.693533
1.273149
1.310763
1.642184
0.814908
1.424126
1.427481
1.542991
1.541848
1.476443
9.444968
1.753473
1.30215
1.60801
1.570077
1.172447
1.649238
1.618749
1.51408
1.412488
1.528822
15.526626
6.717568
1.521741
1.56103
1.497682
1.551263
1.460102
1.557312
1.644245
1.599586
0.908133
1.596188
0.970899
9.722522
1.410937
1.663952
1.717472
1.310406
1.560114
1.541166
1.164044
1.345271
1.618433
1.246655
3.670954
6.236365
1.262007
1.404116
1.204537
1.354184
1.537319
1.569563
1.311343
1.604013
1.492861
1.516726
1.515812
12.55902
2.766789
1.13566
1.43151
1.656427
1.626909
1.453713
1.477828
1.623524
1.665512
1.440174
1.480418
7.241961
1.472984
1.752218
1.431055
1.319247
1.110734
1.38339
1.550835
1.467556
1.196397
1.078194
12.877795
4.488509
1.549251
1.576454
1.447616
1.375559
1.410596
1.43423
1.309549
1.271237
1.385363
1.517011
1.547247
9.624701
4.608777
1.219906
1.389222
1.565184
1.42247
1.336056
1.685863
1.76287
1.425606
1.508905
9.286304
1.545803
1.611968
1.467845
1.696049
1.468131
1.528737
1.680228
1.678012
1.219058
1.178715
1.374869
1.244385
10.411222
0.587164
1.536256
1.243324
1.362467
1.400511
1.125826
1.574154
1.552638
1.706529
1.670544
1.569443
3.640597
1.474942
1.582595
1.529106
1.303688
1.428296
1.507225
1.444261
1.20093
1.58165
1.563535
1.380599
11.399527
1.537708
1.54047
1.139328
1.480187
1.516055
1.480196
0.894579
1.349884
1.43976
1.435765
1.541172
4.678319
1.354889
1.515237
1.349896
1.454081
1.315658
1.353029
0.822962
1.395543
1.518129
1.301275
1.48195
12.251873
2.265835
1.421438
1.441807
1.63738
1.634873
1.311669
1.42978
1.390274
1.52699
1.203376
1.426003
6.458066
1.657489
1.367159
1.338215
1.334251
1.318809
1.594953
1.663454
1.715152
1.247368
1.12413
1.21372
14.679359
4.665176
1.601578
1.467495
1.493105
1.21688
1.29099
1.688858
1.521356
1.366026
1.749988
1.535837
8.176747
1.522738
1.639407
1.358789
1.282118
1.601172
1.533877
1.489111
1.108286
1.697497
1.392123
1.643307
4.292334
5.538313
1.461106
1.493641
1.753418
1.525522
1.270351
1.51331
1.370445
1.670634
1.529265
1.525289
7.238287
1.475697
1.520513
1.513417
1.424633
1.084288
1.230915
1.39742
1.412471
1.353376
1.610786
1.549865
4.47759
1.614901
1.476746
1.366842
1.685268
1.55353
1.440184
1.540996
1.635167
1.417121
1.54472
1.639189
8.788591
1.139943
1.499111
1.355336
1.381907
1.634584
1.380935
1.566532
1.369922
1.288514
1.374637
1.466915
7.528052
1.156733
1.614075
1.4876
1.505368
1.446823
1.650105
1.495769
1.559179
1.592515
1.697997
1.195624
14.059528
4.172608
1.42927
1.689352
1.257896
1.547761
1.552785
1.476045
1.474391
1.268187
1.647047
1.566858
1.295507
9.7408
1.566804
1.531629
1.176029
1.01538
1.470385
1.479748
1.472011
1.233522
1.658566
1.374188
14.49384
4.517023
1.501594
1.536689
1.174263
1.095972
1.349368
1.277699
1.45471
1.609643
1.60856
1.51964
1.49632
2.856758
1.450348
1.071079
1.226301
1.266385
1.511819
1.235954
1.586285
1.225713
1.415623
1.390371
9.108459
1.42521
1.506526
1.50118
2.146143
1.084533
1.541333
1.522066
1.447681
1.220505
1.300147
1.602784
6.732127
1.255472
1.381506
1.407146
1.277195
1.30927
1.479863
1.306188
1.221784
1.673411
1.130981
1.255949
15.648156
5.648077
1.61718
1.515551
1.320605
1.491144
1.052748
1.723262
1.678669
1.467279
1.408672
1.534663
10.209458
5.03549
1.469098
1.639547
1.437415
1.005161
1.304611
1.208293
1.718157
1.77624
1.54201
1.50383
1.540355
6.719827
1.46776
1.342492
1.602482
1.429924
1.568156
1.596573
1.552885
1.280967
1.405102
1.469722
10.342009
6.581377
1.474506
1.352589
1.520992
1.541813
2.648563
1.653595
1.327304
1.331441
1.575316
1.102431
1.483217
2.481731
1.499053
1.270172
1.554141
1.447127
1.600216
1.437938
1.603848
1.627914
1.623062
1.434365
9.102755
1.731314
1.194006
1.498403
1.578386
1.351432
1.656639
1.421338
1.47611
1.552537
1.658493
1.579577
1.251287
2.481241
1.391116
1.563213
1.406188
1.244094
1.40524
1.346258
1.120372
1.370224
1.383244
1.182187
10.359221
0.570144
1.400826
1.533276
1.599442
1.323768
1.570251
1.599851
1.206052
1.62234
1.445993
1.639909
1.364513
6.63921
1.700043
1.511935
1.37806
1.676108
1.501366
1.520599
1.596014
1.536519
1.414927
1.408119
14.701133
4.718122
1.349616
1.442062
1.546334
1.596786
1.366261
1.219048
1.57959
1.531462
1.658222
1.362015
1.666979
10.41066
0.483827
1.35974
1.3544
1.221607
1.39875
1.490827
1.574419
1.242912
1.512898
1.71377
1.51164
7.354025
1.638513
1.335566
1.47328
1.218559
1.502914
1.69892
1.467136
1.558958
1.669871
1.590571
1.228007
9.816972
0.570032
1.575461
1.404632
1.334351
1.604495
1.413124
1.40136
1.65215
1.410376
1.365312
1.422418
6.966896
1.303556
1.588553
1.525053
1.259238
1.19034
1.504521
1.48165
1.637426
1.555972
1.245773
11.774737
1.851022
1.513415
1.563158
1.612762
1.618599
1.605176
1.28432
1.497512
1.481905
1.373285
1.660477
1.342494
14.701769
4.717945
1.505144
1.103391
1.060003
2.041424
1.483058
1.757801
1.668124
1.568222
1.389412
1.328521
6.701353
1.456154
1.454178
1.464611
1.561698
1.492485
1.318782
1.33194
1.616543
1.525668
1.463466
13.341359
3.36848
1.506027
1.639308
1.591776
1.21263
1.455748
1.509274
1.370372
1.601311
1.610104
1.635104
1.429047
9.741813
1.609631
1.511695
1.467973
1.356032
1.659279
1.331825
1.681049
1.212673
1.342866
1.425182
1.617256
7.578974
1.626036
1.505319
1.320032
1.289974
1.617938
1.672114
1.569334
1.211613
1.545195
1.199058
1.317271
13.471593
3.56827
1.182586
1.433807
1.330839
2.379336
1.493857
1.460479
1.405519
1.423289
1.268832
1.37217
8.632526
0.826036
1.192579
1.547644
1.353134
1.775015
1.472237
1.456672
1.306957
1.509137
1.315217
1.442359
13.966519
3.893334
1.460367
1.686765
1.206847
1.321399
1.327244
1.541703
1.338249
1.769385
1.441361
1.565347
11.767526
1.72908
1.283224
1.262564
1.392611
1.660507
1.571968
1.453721
1.557565
0.961273
1.411401
1.660545
1.403341
8.146169
1.116033
1.445746
1.446612
1.475723
1.451515
1.676794
1.485742
1.56482
1.39985
1.56198
13.578196
5.774095
1.480038
1.644862
1.353758
1.507083
1.584371
1.376485
1.631566
1.668697
1.612508
1.34481
8.607638
1.439782
1.298567
1.475204
1.308312
1.417643
1.179111
1.420904
1.378892
1.251826
1.48088
1.520484
1.652974
7.262776
1.293346
1.706612
1.456637
1.591282
1.543165
1.421854
1.230202
1.477035
1.445743
1.480186
13.435233
3.480822
1.667023
1.619016
1.52841
1.266157
1.390527
1.57773
1.511878
1.435499
1.30695
1.450526
9.734016
1.82084
1.518611
1.507421
1.628836
1.504706
1.560015
1.290028
1.714986
1.522638
1.621558
1.723382
1.606733
2.596816
1.197611
1.611215
1.25155
1.434275
1.253514
1.203446
1.329037
1.622585
1.175806
1.640427
8.684427
1.596696
1.361176
1.417379
1.536119
1.508246
1.493697
1.628158
1.58737
1.271176
1.683341
1.628129
4.016642
1.513018
1.363221
1.453209
1.678378
1.348729
1.12984
1.629962
1.608335
2.730331
1.43955
1.491735
11.398571
1.49133
1.627005
1.218591
1.483639
1.575941
1.496659
1.48561
1.57863
1.569846
1.226584
1.523686
10.307265
0.654865
1.634725
1.387324
1.249265
1.299874
1.448359
1.57563
1.37663
1.497715
1.55526
1.146374
1.61181
5.681964
1.581018
1.550683
1.566212
1.129679
1.190336
1.197814
1.587689
1.715902
1.416868
1.716525
12.529357
2.659213
1.463596
1.188168
1.65125
1.484421
1.306154
1.660525
1.431219
1.170746
1.529095
1.643474
1.267441
11.525441
4.008316
1.396426
1.503298
1.467264
1.120453
1.661714
1.517522
1.358867
1.382658
1.260651
1.491087
5.799423
1.484238
1.562869
1.446406
1.310594
1.192381
1.378897
1.517531
1.489752
1.444078
1.553975
10.428477
0.534743
1.242588
1.139864
1.361874
1.324981
1.648883
1.30219
1.689306
1.517774
1.461981
1.279973
1.448601
6.606648
1.512875
1.216065
1.713084
1.4605
1.318804
1.601694
1.490896
1.211059
1.351674
0.896376
15.455561
5.457533
1.478604
1.513597
1.280293
1.314789
1.519359
1.585094
1.361339
1.57632
1.583988
1.5876
10.316289
0.633185
1.520042
1.50707
1.465539
1.485703
1.58762
1.229663
1.067678
1.303065
1.328517
1.352896
1.623008
8.683782
1.139236
1.584725
1.686811
1.429551
1.219245
1.60351
1.197524
1.563455
1.511717
1.315945
1.312533
2.809245
1.138206
1.250946
1.536121
1.691793
1.502955
1.470045
1.56158
1.46477
1.58527
1.726189
12.865234
7.522932
1.588264
1.549843
0.819763
1.530193
1.610086
1.375109
1.441281
1.502627
1.284878
1.595588
1.347503
9.669025
1.782283
1.492326
1.622995
1.456818
1.221145
1.515056
1.201496
1.41318
1.510347
1.499171
1.210835
4.691869
1.707585
1.654405
1.504554
1.637696
1.249729
1.547956
1.512118
1.420243
1.604551
1.652428
10.293023
0.560077
1.524822
1.169425
1.720744
1.282066
1.47769
1.368172
1.363082
1.506405
1.719787
1.477304
1.234969
7.498036
1.497356
1.341757
1.557026
1.582768
1.541244
1.49772
1.430715
1.327675
1.543462
1.593454
1.290916
4.195026
1.634835
1.666023
1.591583
1.534074
1.503392
1.526573
1.195908
1.692227
1.495483
1.608569
1.322775
12.603292
2.556126
1.276019
1.305052
1.639621
1.317442
1.527113
1.127525
1.418456
1.5182
1.533541
1.694622
8.817547
1.472433
1.448149
1.576324
1.414049
1.668933
1.521648
1.37263
1.312139
1.438584
1.409527
1.632219
5.509321
1.361099
1.513371
1.644931
1.375157
1.623158
1.456847
1.641956
1.472136
1.233668
1.53392
1.70489
11.569103
1.661216
1.724377
1.383219
1.39898
1.654136
1.395642
1.537573
1.604835
1.519477
1.793306
1.708871
10.718614
0.794941
1.496864
1.293703
1.47804
1.481896
1.510086
1.485928
1.553539
1.553981
1.327428
1.540208
7.75172
1.208011
1.478767
1.303623
1.518857
1.442834
1.630259
1.48051
1.585322
1.499932
1.291309
1.4913
13.739309
5.675069
1.380407
1.660161
1.120191
1.308839
1.544332
1.470125
1.637205
1.395597
1.730882
1.450842
9.546259
0.60909
1.247985
1.466213
1.115877
1.35056
1.61224
1.310492
1.532912
1.454466
1.574604
1.749335
14.437583
6.717194
1.499025
1.485741
1.74142
1.439184
1.574559
1.34015
1.162326
1.56813
1.284285
1.512753
7.717599
0.927456
1.156614
1.65536
1.40651
1.78056
1.280291
1.492134
1.497653
1.46411
1.464244
1.641427
13.554929
3.557563
1.611615
1.3411
1.610014
1.260724
1.443367
1.499002
1.577799
1.609175
1.534111
1.488583
1.451259
5.722838
1.361881
1.66974
1.621891
1.034136
1.638788
1.239964
1.497045
1.270871
1.39538
1.391714
11.430943
1.401853
1.488447
1.327759
1.734648
1.165392
1.170054
1.479893
1.518938
1.430121
1.374517
1.099164
1.42866
6.986307
1.306429
1.553074
1.636705
1.465764
1.640835
1.548422
1.382149
1.595675
1.554804
1.619577
12.552862
2.599832
1.619756
1.536093
1.539303
1.510634
1.465026
1.684727
1.566641
1.29867
1.210258
1.581677
1.527113
8.088036
1.148256
1.712691
1.477821
1.671447
1.701468
1.662363
1.527116
1.525068
1.543124
1.582878
10.41628
0.641998
1.624
0.904273
1.259119
1.442254
1.689999
1.572967
1.467461
1.390373
1.339362
1.44861
1.454834
4.073985
1.603074
1.645301
1.184101
1.421262
1.457069
1.721455
1.525152
1.157556
1.192576
1.661899
13.557465
3.617739
1.431642
1.584445
1.606257
1.46103
2.748218
1.404894
1.158257
