0.558232
1.390471
0.887769
1.014098
0.894247
1.01588
14.787633
4.849133
0.926713
0.946598
0.965265
1.156589
0.868442
1.098304
1.102865
1.178854
0.770465
0.916179
4.445041
1.081407
0.807818
1.07073
0.880986
1.055436
0.748867
0.885811
0.882485
0.846434
0.972024
0.980815
4.871175
0.89164
0.874018
0.94522
0.850947
0.877242
1.089456
1.291697
1.244485
1.019058
0.910206
0.990966
15.268513
5.331833
1.107156
0.859606
1.005852
0.906505
0.860108
0.980515
0.875911
0.971244
0.883369
0.911954
12.815432
4.558525
0.881806
0.879851
0.756572
1.029651
0.813663
0.894612
0.775487
1.304111
0.826647
0.881191
8.555192
0.995529
0.894822
1.014063
0.863843
1.008571
0.80556
0.982519
0.964699
0.908059
1.056798
0.847586
0.958214
1.857113
0.927474
1.087365
0.827926
0.934691
0.961173
0.935642
0.837198
1.015897
0.825962
0.90185
12.893857
4.892132
0.871441
1.344711
1.084679
0.979066
1.287536
1.028393
0.948599
0.919496
0.92618
0.760659
9.796293
1.562405
1.407236
0.9518
0.967162
1.18919
0.946835
0.95313
0.827171
0.875368
0.889859
0.887103
1.23175
0.96274
7.576097
2.001912
1.148801
0.857609
0.884482
0.944648
0.89564
0.815011
0.865922
1.004988
5.906425
1.04029
0.889657
0.874751
1.147065
0.936223
0.959187
1.109867
0.82638
0.915318
1.067588
0.979165
5.583833
0.922685
1.397262
0.937491
1.236451
0.842346
1.002124
1.21263
0.973919
1.002208
0.929496
1.267745
1.048205
6.230234
1.058614
1.03107
1.03339
0.924803
1.0434
0.981004
1.154089
1.06116
0.750522
0.904009
0.823155
0.865828
0.73694
1.149934
0.996434
1.076536
1.085457
0.973202
0.825157
1.071377
1.009417
0.964162
0.803189
1.089879
0.753048
1.061527
1.056292
1.000956
1.008802
0.914054
0.787988
1.3339
1.215391
1.275939
4.561257
0.974306
0.890937
0.900696
0.817866
1.026383
0.847028
0.958706
0.861856
0.979368
0.877251
1.105558
4.867529
1.023481
0.898196
0.942281
0.812313
1.204769
1.123524
0.885104
0.809481
0.951855
0.803535
1.09118
0.858281
1.01366
4.662526
0.918667
1.203221
0.852551
0.80296
0.885958
0.76144
1.043219
1.327131
0.867857
10.812587
0.940088
0.901569
0.948513
1.020476
0.887168
1.118533
0.970114
0.829829
1.333617
1.00889
1.11325
3.879049
0.845987
0.798844
0.984117
1.012675
1.109906
0.744503
0.937907
0.877838
1.006775
0.765236
1.005769
0.955207
4.388568
0.812661
1.173968
0.83452
1.373033
1.027019
0.911693
1.038953
1.070549
0.961314
0.831634
3.894684
2.798611
0.851281
1.023675
0.902475
1.108868
0.905982
1.008104
0.768508
0.873501
0.864909
1.245956
1.487298
0.868966
0.868048
0.822146
0.940053
0.855515
0.808059
1.191199
0.846766
0.870134
0.982962
1.178203
0.812429
0.84258
1.116716
0.886533
0.894328
0.946802
0.745193
0.871197
0.810517
0.944698
0.759379
1.012037
0.897142
1.128191
0.81559
0.995646
0.929329
0.842757
0.867335
0.853373
0.965318
1.514615
0.831892
0.923858
5.901656
0.891225
1.004361
0.978179
0.995401
1.009049
0.851998
0.968666
0.822539
0.891478
0.763815
1.183086
0.817839
2.014905
0.84088
0.872629
1.211004
1.043243
1.150349
1.161692
0.960908
0.901624
1.21854
1.197286
8.819724
2.877737
1.12995
0.826561
0.912062
0.916865
1.133351
1.008179
1.056781
1.004938
0.872199
0.856578
0.893912
4.377065
1.249231
0.860358
0.933748
0.944078
1.389328
1.152573
1.162627
0.956791
0.849962
0.818658
0.940234
0.853363
0.960271
0.99084
1.195053
0.89482
0.889916
1.136632
1.024981
0.900197
0.924633
0.880901
1.067517
6.852254
0.898379
1.367571
0.973886
1.139454
0.935129
1.312938
0.906439
0.994568
0.911745
1.430596
0.822943
5.733448
0.926553
1.201254
0.96829
0.983673
0.844858
0.848426
1.018401
1.026673
1.004316
0.899102
0.971899
2.843146
0.933441
0.862121
1.269254
0.778836
1.150301
0.808472
0.922839
0.927591
0.890784
0.981586
0.91957
9.825029
5.990381
0.888811
0.965414
0.933857
0.929229
1.265237
0.994992
0.937607
1.409004
0.901554
0.908405
3.848747
1.020479
0.949236
0.945453
0.956893
0.867412
1.016601
0.938094
1.108213
0.900017
0.936285
0.927557
1.846116
0.983444
0.947629
0.926703
0.844402
0.862456
0.977001
0.944755
1.16398
1.042995
0.851468
0.984164
7.805721
0.931838
0.915064
0.944039
0.884177
0.804385
0.90187
1.049683
1.348268
0.886316
0.863934
0.949096
2.012057
1.288721
0.932425
0.882334
0.871703
1.067743
0.901963
1.192967
0.959429
1.041221
0.882504
0.990844
7.906019
4.106496
0.897446
1.130156
0.811004
1.631618
3.669993
1.022662
1.009111
1.146327
0.852716
0.993548
0.90845
0.833284
0.964427
1.126595
0.880299
1.277137
1.146354
1.42845
0.956807
1.305813
1.08871
1.006258
0.990225
0.879968
0.882252
1.194157
0.871698
0.898042
0.934974
0.971316
1.017879
0.937688
0.893749
1.243521
0.816548
0.922936
0.813799
1.143158
0.925036
0.955483
0.994557
0.903786
1.23769
0.847593
0.998609
1.165452
1.138034
0.892019
1.597712
0.86838
1.087776
0.873181
0.870028
0.980373
0.930475
0.936433
0.910699
1.001464
0.928216
0.940823
1.130448
0.979296
0.948725
1.120064
1.009129
1.347538
0.861951
0.846535
0.837447
0.970777
2.731208
1.115337
0.868233
1.020351
1.115365
0.890493
0.963714
0.931645
0.993796
1.060614
1.003892
0.877893
0.947236
0.822366
0.783616
0.956261
0.940967
1.102081
0.973672
0.894439
0.836721
1.241902
0.906524
0.886984
9.719538
0.491166
1.261807
1.069097
1.154999
0.929813
0.878355
0.93868
0.945744
1.184457
0.947426
1.000133
5.387756
0.991401
1.061071
0.97012
0.922452
0.912485
0.975444
1.004593
0.899689
0.954492
0.884702
0.887803
0.92689
4.90527
0.965172
1.031452
1.002153
0.94027
1.041739
0.932286
1.036456
0.872276
0.85674
0.876637
12.700021
6.819007
0.910891
1.385704
1.196759
1.002289
0.853625
0.816542
1.016733
0.965858
0.920189
0.940775
9.328899
5.100496
1.834349
0.860359
0.958866
0.891228
2.81588
0.920521
1.055633
0.992787
0.990408
0.986075
0.904964
5.859417
1.119064
1.304721
0.966795
0.970057
0.913058
0.922465
0.846177
0.956966
0.856297
0.841257
10.590648
0.82009
1.105617
0.875084
0.879987
0.881293
0.93292
0.979295
1.312533
0.84499
1.066857
0.990072
4.756336
0.956104
0.911333
1.014872
0.918947
1.026158
1.00561
0.876591
1.259968
0.946776
0.871366
0.869012
0.898745
5.713096
1.186781
0.882575
0.819517
1.302423
1.11507
0.988507
0.901204
0.918243
0.891872
0.87648
12.657732
3.697643
1.003377
1.157877
0.972777
0.92404
1.344949
1.056919
0.999655
0.871098
0.891764
0.907393
1.184451
9.154084
1.001288
0.944793
0.81258
0.940369
0.845024
1.016005
0.878422
0.934174
0.927995
0.855558
1.006817
1.302432
0.970814
0.916228
0.8416
1.259282
0.953138
0.896175
0.866873
1.310422
0.950513
0.852093
0.97474
7.750633
0.90651
0.950654
0.989065
1.018548
0.781628
1.06485
0.890147
1.037962
0.948295
1.035743
1.023582
7.02544
1.210457
0.977094
0.837536
0.883352
0.95458
1.058837
0.933463
1.382716
1.041221
0.941432
12.907828
5.05322
0.839127
0.956877
0.884909
0.869191
0.97158
0.845195
0.846035
0.983529
0.999507
0.963156
0.949049
6.655817
0.999441
0.986555
0.837452
0.837782
0.948561
0.911304
0.99573
1.175302
0.849954
0.845978
10.737346
0.780246
0.976908
1.267583
0.898893
1.02126
0.836107
0.988526
0.878197
1.02272
0.954598
1.038208
0.853037
10.694158
0.7346
0.919546
0.87594
1.063925
0.874699
1.069037
0.879448
0.881261
0.895646
0.937849
0.94229
7.793203
1.803911
0.872299
0.82966
0.939022
0.892396
1.04265
0.852851
0.984835
1.038849
0.936689
11.748381
1.791058
1.034119
0.898496
1.398921
0.78989
0.952717
1.06792
0.967511
0.852867
0.999755
0.816635
1.491046
6.830976
0.90017
0.86091
0.957468
0.851308
1.054417
0.91401
0.966359
0.830022
0.894104
0.879099
1.118897
5.550626
0.924364
0.819308
0.858562
0.839036
0.860959
0.867345
1.05437
0.940648
0.950043
0.873805
0.900947
11.811092
3.570097
0.865826
1.008103
0.899815
0.975834
0.9013
1.268128
1.21431
0.920499
0.906104
0.834799
7.868483
0.817726
0.886754
0.857124
1.136185
0.812788
0.92649
0.889852
0.839333
0.886786
1.036735
0.911064
1.080379
4.836962
0.877418
0.85986
0.923119
0.918739
0.917033
0.901371
0.855038
0.871761
0.978967
1.173796
7.621527
0.931913
0.908638
0.95677
0.905375
0.963456
0.850101
0.905436
0.861083
1.243541
0.929773
0.981933
7.627511
0.889548
0.994246
1.503688
0.873156
0.838634
0.924243
0.935883
0.8609
0.862485
0.982349
1.231423
0.994372
0.929512
0.867659
0.861284
0.894875
0.890035
1.099049
0.833243
0.81588
0.865989
0.954412
1.364431
5.830173
0.876428
0.863396
0.85467
0.94489
1.143337
0.793046
1.044919
0.882132
0.967482
0.957421
0.932607
1.671999
0.906572
0.907852
1.011425
0.908307
0.837444
0.934165
0.891409
0.833583
1.184948
1.080741
0.849553
0.886562
2.85811
0.915714
0.908434
1.069446
0.859508
0.821765
0.898731
0.835784
0.799926
1.086271
1.158207
9.633404
0.515077
1.156866
0.815472
0.913561
0.789193
1.307096
0.864125
0.963371
0.828135
0.872244
0.902007
5.784206
0.933533
0.869728
1.006527
1.242079
0.922183
0.842097
1.194991
0.881044
0.81666
0.873341
0.894459
11.781069
4.896585
0.854409
1.082185
0.886309
0.854253
0.989928
0.928852
0.753169
0.859048
0.893353
1.045099
9.701976
2.849107
0.944206
1.019944
0.931818
1.129058
0.955056
0.778105
1.160531
0.938693
0.89447
0.963909
0.918962
6.983265
0.990391
0.922044
0.884106
0.873924
1.10732
0.96682
1.158954
0.900049
0.886185
0.948769
5.70554
0.952463
0.878337
1.045013
1.146653
0.847602
0.998168
1.160488
1.506556
0.883512
0.841259
0.857994
2.8865
0.935016
1.027005
0.898462
0.964893
0.879211
1.02489
0.898887
0.938939
0.870178
0.930724
0.958117
0.918788
0.885429
0.851591
0.99474
1.12247
0.996935
0.898206
1.177517
0.860096
0.891219
0.839471
0.893313
10.242429
0.714533
0.936506
0.964171
0.925683
0.852634
0.970777
0.95844
1.090869
0.932453
0.870292
0.880743
10.512994
0.541022
0.891438
0.816773
0.880941
0.933557
1.352319
0.90578
0.907502
0.794574
0.982768
1.444353
0.980998
7.822403
0.746492
0.991498
0.918511
0.93056
0.824352
0.768523
0.905429
0.892162
0.851855
0.835833
13.857044
5.66221
1.06463
0.882528
1.010196
0.923676
1.044105
1.09879
1.015339
0.922597
0.919961
0.904664
0.989875
10.623235
0.678517
0.882595
1.140153
1.053544
0.893207
0.817631
0.937382
0.946261
0.814568
0.898253
1.064588
6.534314
1.247417
0.927947
0.865747
0.927925
0.890837
0.869241
0.90875
1.097601
0.79729
0.92634
13.020292
4.896747
0.75513
0.814464
0.817246
1.113434
0.899403
0.817735
0.961071
0.921466
0.963338
0.879842
0.851529
10.551029
3.886295
1.061347
0.866068
0.793287
1.056511
1.104032
0.860519
0.948019
0.884252
0.810031
1.184976
3.983888
0.920327
0.905456
1.007509
0.938624
0.824261
0.952312
0.943391
0.877045
0.835164
0.805319
16.211333
6.186282
0.968353
0.90856
0.861592
0.907874
0.903033
1.04094
0.829165
0.976298
0.902066
0.815327
1.00187
13.739577
3.85905
1.200621
0.955292
1.212859
1.429574
0.93491
1.057637
1.04424
0.857092
0.967921
1.047987
8.782799
0.589257
0.944359
1.16507
0.838232
0.937517
0.798867
1.048968
0.86573
1.031511
0.990472
0.890292
11.782928
1.84031
0.87885
1.013494
0.82552
0.914043
0.939308
1.071548
1.108602
1.080494
1.118205
0.890159
7.713552
0.815706
0.843322
1.073028
0.880582
0.859214
0.844789
0.869582
0.868518
1.079656
0.881794
0.946403
4.944074
1.038546
0.864184
0.908258
0.99844
1.314575
0.851155
0.86348
0.860993
1.010899
0.919525
0.885967
5.894392
0.91641
0.876149
0.87225
0.973888
0.948206
1.083924
1.013488
0.854077
0.860459
1.064983
0.94511
12.788352
2.824682
0.87357
0.975676
0.873167
1.165723
0.970379
0.881876
0.968439
1.022821
0.872361
0.870551
8.876453
0.769165
0.897139
0.963418
0.95111
0.911747
0.955027
0.965012
1.177448
0.951221
1.006088
13.762272
3.835486
1.509498
0.820345
0.899723
1.249752
0.991719
1.009674
1.030027
1.158228
0.845467
0.898381
1.088077
10.777068
0.737587
0.888658
0.943544
0.929187
0.917144
1.067538
0.840077
0.866588
1.482414
0.974433
0.944765
6.765362
1.142537
0.958172
0.891949
0.885869
0.999374
0.842668
1.080883
0.993852
0.872163
1.028957
0.976717
14.85964
6.330328
0.907299
0.942306
0.925785
1.068654
1.024299
0.891975
1.090094
1.036636
1.084653
1.09935
9.786957
0.713676
1.031512
0.960517
0.968419
0.936247
0.999842
1.082967
0.897914
1.46933
0.906085
1.270549
6.857176
0.919499
0.884203
0.915201
0.901097
0.853758
0.946058
0.954289
0.824446
0.837584
0.912579
0.945829
14.838091
4.912986
1.024171
0.952569
1.115315
0.864406
0.997698
1.074969
0.8671
1.054159
0.97537
1.006669
11.964078
3.870583
0.852225
0.999724
0.946602
0.833328
1.868511
0.953063
0.880131
0.996989
0.878883
0.971576
1.052357
3.847816
1.4697
0.820291
0.986309
0.892944
0.887027
0.986763
0.815344
0.85565
0.923146
1.008061
9.428638
0.735533
0.87832
0.980293
0.918348
1.07197
0.969805
0.907089
0.884407
1.273472
0.853126
0.865445
8.785364
0.454258
0.95869
0.920437
0.879424
0.990638
0.854491
0.971217
0.833311
0.883971
1.057984
0.894808
0.843447
6.585923
0.891216
0.878704
0.936435
0.89226
0.929077
0.879659
0.927536
0.869886
1.008624
0.907031
13.072407
3.266071
0.989181
0.965556
0.815972
1.007645
0.779966
0.873217
0.768943
1.26029
1.060145
1.019426
1.034162
8.169733
0.814518
1.147036
0.958763
0.933455
0.922115
0.8468
1.057948
0.862799
1.026896
0.839308
14.80198
4.836513
1.348389
0.818546
0.955905
1.030108
0.819116
0.914373
0.91838
0.920186
0.854369
1.086438
10.669453
2.812385
0.955333
1.061159
0.923732
0.7954
0.781695
0.881662
0.825925
1.376036
0.860005
0.823183
0.90612
9.668618
0.488902
1.169985
0.977547
0.970656
0.90785
0.920041
0.884062
0.946934
0.905184
0.841456
14.749666
5.602448
0.768342
0.954187
0.874989
1.037063
0.88806
1.009533
1.160621
1.177778
0.968757
1.066627
9.760806
0.572959
0.81832
1.068837
0.912785
0.80321
0.827921
0.800864
1.056294
0.858956
0.957141
0.902232
1.077607
6.748606
0.957112
1.019455
0.823323
0.959947
0.928051
0.945778
1.176991
0.951161
0.965036
1.004006
13.789944
3.871211
0.85773
0.983952
0.863636
0.959345
0.851935
1.057551
0.922815
0.925799
0.860568
0.982595
0.832428
10.743773
2.697973
0.950291
0.776146
0.870772
0.793589
1.107007
0.859404
0.83234
0.951864
0.96587
0.977872
7.168292
0.986511
1.006815
1.316488
1.040839
0.933286
0.906322
0.937169
0.864614
1.480688
1.228448
12.762552
2.774795
0.838543
0.757821
0.764194
1.106572
1.204484
1.066419
0.920681
0.962631
0.97026
0.912451
0.919648
11.579235
1.624993
0.909421
0.896944
0.973778
1.110969
0.975844
0.894757
0.893667
0.915936
0.80831
0.972538
7.715391
0.951576
0.936749
0.781784
0.933671
0.921736
1.12465
0.886447
0.851197
1.064469
1.035391
10.648939
0.651812
0.918585
1.261189
0.959324
0.978128
0.969815
1.236045
1.08032
0.858716
0.864305
1.268168
0.991505
6.917393
0.885272
0.938792
1.437811
1.238953
0.980571
0.985311
0.873059
0.999318
0.876514
1.030176
1.004661
2.86657
0.868115
0.94901
0.87286
0.883977
0.997699
1.152119
0.946223
0.976629
1.483413
0.895245
10.550046
0.626289
0.920943
0.824341
1.059023
1.054791
0.989071
0.960026
0.974385
0.978276
0.914194
0.938701
1.071444
6.919591
0.886948
0.916052
1.013592
0.957251
0.906072
0.867516
1.108237
1.041639
0.905725
0.874204
9.870658
0.444024
0.945434
1.109632
0.897207
0.873624
0.826871
0.955223
1.045908
1.051334
1.01611
1.06649
0.87881
9.97944
0.444292
1.281086
1.128805
0.908571
0.873086
0.820306
0.858525
0.89369
1.004848
0.784758
0.892441
0.88391
6.833062
2.042901
0.885291
1.018495
0.794681
1.253814
0.942946
0.904173
0.978548
1.005793
0.857122
12.859891
7.863293
1.005375
1.061502
0.879969
1.150564
0.929433
1.563147
1.082425
1.046157
0.862763
1.153733
9.044436
1.073494
1.230137
0.899313
0.854212
1.147425
0.974438
0.825955
0.869728
0.961709
1.012445
1.293654
0.946285
14.146891
4.295624
0.955499
1.050012
0.913353
0.876203
0.884888
0.923152
0.873469
0.968414
1.017894
10.300785
2.66461
1.02234
1.012401
1.046059
0.875958
1.030732
1.038492
0.941275
0.917692
0.848881
0.866372
0.956421
7.82461
0.853706
1.029589
1.10355
0.884804
1.153429
0.961801
0.910592
1.025588
1.171722
0.967286
10.733267
0.80771
1.035069
0.880765
0.969088
1.048313
1.031334
0.814695
0.926344
1.067138
0.893096
0.956532
7.776074
1.35209
1.326011
0.970848
0.888379
0.971245
0.830839
1.230643
0.86111
1.06347
0.916978
0.945694
1.02568
2.793686
1.074234
1.234233
1.179694
1.016636
0.865715
1.157268
1.063449
0.925932
1.152451
1.000564
8.90722
0.617634
1.587162
0.991639
0.926954
0.994058
1.018536
0.849976
0.988118
0.80468
1.130449
0.942774
5.100922
0.925237
1.024682
0.855092
1.208039
0.938146
0.932
0.893962
0.907935
0.905252
1.052704
0.943553
12.795349
2.887077
1.040751
0.907641
0.889951
1.133887
0.904265
0.822968
1.09784
0.878116
0.978442
0.950402
11.783872
2.58726
0.931542
1.089936
0.989824
1.178588
1.873815
0.96062
1.083229
0.82123
0.86778
0.904503
8.867097
0.611789
1.032821
0.935658
0.940342
0.986972
0.792883
0.866351
0.973662
0.868376
0.878102
0.840217
14.846229
4.917673
0.80766
0.888697
1.049949
0.932296
0.878515
0.825478
0.863474
1.000413
0.972189
0.852781
13.006202
3.479397
0.964618
1.175499
0.826357
1.07103
0.977596
0.897437
1.083004
0.835341
0.994171
1.003759
0.877719
9.871807
1.662398
0.919832
0.81751
0.922853
0.930333
0.950534
0.859118
0.9725
0.996636
0.922536
13.903588
3.949423
0.866704
1.262851
0.925324
0.813215
1.495277
0.968181
0.89468
0.92868
0.990105
0.850919
1.040122
10.467853
2.551951
0.94378
1.177583
0.8773
0.910299
0.885527
0.923152
1.188139
1.189203
1.128987
10.341532
0.533286
0.810688
0.919587
0.947891
1.170449
0.951231
1.234003
1.159012
1.244005
0.897609
1.117266
0.909187
6.874209
0.88817
0.880482
0.991014
0.902214
0.840286
1.058533
0.887519
0.890522
0.858497
0.91179
10.143428
0.509368
0.933057
1.000345
0.937585
0.994734
0.936631
1.005183
0.840143
0.809121
1.04105
1.10104
0.943111
5.839398
0.952565
0.987919
0.880797
0.916574
0.864921
0.850121
0.914045
0.960497
0.870303
0.88134
11.062191
1.105604
0.879949
1.117377
0.963747
0.943895
1.100432
1.028594
0.951528
0.834872
1.158437
1.033316
0.912274
10.669566
2.825123
0.995125
1.034555
1.033266
0.959152
1.061471
1.554011
0.822811
0.893681
0.92786
0.933857
7.692192
1.242361
0.943672
0.841111
0.879912
0.936411
1.087124
1.281309
0.847032
0.829983
0.985474
13.817619
3.938692
1.072809
0.845246
0.957278
0.840732
1.010253
0.886411
0.963022
1.023556
0.884568
1.00459
1.070259
10.899897
3.056747
0.864379
1.013335
0.863659
1.231966
1.762425
0.830046
0.865256
0.856755
0.849022
1.09368
7.689788
2.897915
1.186497
1.075287
1.013533
0.904292
0.891884
0.886635
0.895619
0.940097
1.059447
1.080341
15.652013
5.655919
1.018476
1.029323
0.871507
0.899712
0.911556
0.875908
0.836764
0.909423
0.950093
0.938122
10.690623
0.754582
1.057597
0.901131
0.970919
1.039347
0.991687
0.761944
0.921371
0.877248
0.86302
0.931617
5.056359
0.928449
1.137074
0.963127
1.143243
0.958751
0.982022
0.849712
0.849746
1.077992
0.914607
0.888829
5.815423
0.865592
0.926385
0.951509
0.863856
1.00701
1.002045
0.977116
0.940812
0.9882
1.024417
1.017027
11.939304
2.110004
0.902514
0.883643
1.016979
1.19305
1.122195
0.957046
1.016359
0.983092
1.10838
0.966148
8.687398
0.874979
0.888741
1.241993
0.979162
0.924126
0.918357
1.023355
1.135277
0.823052
0.996291
0.866441
12.781049
2.907256
0.924473
1.382172
0.927506
0.900776
1.028767
0.917808
0.919486
0.89023
0.981917
0.9524
8.855298
0.950351
0.933721
0.874138
0.983147
0.918132
0.967293
1.064904
0.904864
0.906841
0.934127
0.939238
3.78784
0.854087
1.108064
0.931233
0.962637
1.107912
0.946726
0.911053
0.951608
0.919339
0.999504
0.920268
14.042158
4.095453
0.926727
1.176388
0.88816
1.032786
1.056408
0.910717
1.092169
0.877137
0.885748
1.391304
9.029843
0.525074
0.875948
0.809987
1.048615
0.86894
0.834112
0.846959
0.900907
0.905838
1.001418
0.907911
5.114612
1.080273
1.158003
1.173397
1.076519
0.928549
0.986436
0.857259
1.031003
0.861267
1.025487
0.887331
10.884977
0.947012
1.011092
0.863074
0.998598
0.868936
1.036701
0.856721
0.932327
1.624399
0.856131
0.975645
0.949263
8.950693
0.767105
0.892393
0.840551
1.013898
0.892264
1.060211
0.889486
1.040057
0.889218
1.02142
14.873397
4.959691
0.949462
0.837163
1.059429
0.919537
1.34943
1.019519
1.682865
1.283825
1.00734
0.981052
1.644163
0.841647
1.31499
0.90973
1.061128
1.210768
1.075451
0.917379
0.866277
0.910396
0.95779
0.95239
0.836382
0.918738
0.898581
0.937587
0.844207
0.884495
0.917297
1.017036
0.909609
0.953777
0.83631
0.839193
9.747294
0.624347
0.949657
1.049605
0.928918
1.084369
1.037646
1.003574
1.034901
1.032143
1.160558
1.012464
0.883528
5.988857
0.95673
0.923127
0.901574
1.058607
0.887004
0.981706
0.88706
0.923707
0.86048
1.044055
13.86813
6.21136
1.064467
1.126392
1.438358
0.901333
0.88408
1.178365
0.95423
0.967452
0.97147
0.881818
5.610638
0.913702
0.90828
0.935688
0.834887
1.114938
0.828186
0.943845
1.036268
1.033888
0.87631
0.85271
14.766552
6.551754
1.143256
0.929049
1.106794
1.03302
1.507304
1.012432
1.096155
0.895464
0.898023
0.947866
9.812465
0.481999
0.897879
0.957359
0.988499
1.043128
0.867617
1.064269
1.032149
0.918885
0.908823
0.97661
13.912318
6.588224
0.838034
1.339426
0.966697
0.895237
0.842825
0.973806
0.942263
1.025049
1.016971
0.889324
10.08776
0.447356
0.952217
1.061862
0.867045
0.932516
0.917735
0.825866
1.471793
0.843511
0.998028
0.898058
13.953278
4.007959
0.845162
0.847664
0.801509
0.939061
0.965632
1.067492
0.792244
0.981751
0.927409
0.997136
1.261284
10.686081
0.738166
0.819043
1.03233
1.047737
0.905842
0.78894
0.916929
0.99816
1.030087
0.966731
0.861347
7.741555
0.823442
0.883248
0.892505
1.02003
0.828497
1.059267
0.937908
0.872233
1.538175
0.891954
13.821069
3.920717
0.951562
0.94113
0.928208
0.978113
0.848031
1.002959
0.89415
0.918861
0.946253
1.229014
0.906561
9.744763
1.392673
1.22788
0.853363
0.902618
1.010895
1.07993
0.840421
0.880418
0.871578
0.92784
1.053377
2.95862
0.838491
1.026082
0.892767
0.872182
0.858963
1.088053
0.970785
0.915488
1.185876
0.95274
1.007548
9.818705
0.539237
0.88032
0.935803
1.057709
0.951228
0.89057
0.89533
1.007405
0.931085
0.869317
1.042942
5.791915
1.396914
0.874332
0.845161
0.988406
1.128609
1.365884
1.057049
1.497185
0.81079
0.841917
11.915226
2.004464
0.914902
0.89345
1.09097
0.860008
0.913935
0.873865
1.001055
1.061819
0.834286
1.033845
0.90142
5.761658
0.991691
0.947391
0.961681
0.957499
0.925874
1.356718
0.97232
0.985969
0.950185
1.011029
0.810649
6.857797
0.941869
0.901452
1.019121
0.905892
0.861614
1.043827
0.847812
0.94019
0.942121
0.90772
0.908588
11.8706
1.942726
0.902929
0.925563
1.092204
0.832893
1.115743
1.091064
0.872059
0.910657
0.907373
1.063958
7.735879
1.052176
0.959472
0.883369
0.946482
0.901572
0.915031
0.87069
1.124879
0.89812
1.142323
0.940878
11.820825
1.93113
1.05152
0.965601
1.006472
0.89564
0.874522
1.044037
0.966618
1.113008
1.048395
1.081514
0.892476
6.675999
0.980979
0.856661
0.929951
1.185216
1.312075
0.923704
0.956894
0.889831
0.958886
0.890527
13.335925
3.346133
0.952127
0.862969
0.903794
0.884266
1.654662
1.06515
0.855217
1.224749
0.858106
0.929838
8.923326
0.568567
0.891564
0.91737
0.850984
0.878099
0.95728
0.895688
1.085251
0.871319
0.92098
0.87376
14.847144
4.865721
0.936277
1.468774
0.874253
0.939279
1.043308
0.907195
0.873272
0.882706
1.301617
0.911297
9.925668
0.767905
0.867253
1.022045
0.859014
0.971494
1.116137
0.990688
0.914171
1.146565
0.913174
0.985624
14.441341
4.576344
0.980182
0.901907
0.854728
1.046092
0.998857
1.154839
0.835126
1.02201
0.892021
0.813996
10.174233
0.493419
0.8341
0.925029
0.884953
0.94953
0.956364
0.912883
1.144116
1.070724
0.896465
0.900604
1.044723
7.303318
0.927318
0.955723
0.918332
0.90529
1.074617
0.882927
1.271832
0.917683
0.828678
0.936642
10.927096
2.805635
0.91367
1.088657
1.238917
0.992472
1.012946
0.830849
0.883761
0.887421
0.900788
0.85075
0.991244
5.963606
1.350525
0.855867
1.016846
0.925422
0.875532
0.823198
1.00146
1.000996
0.830468
0.825957
13.661372
3.758903
0.965629
0.937416
1.420332
0.958542
1.238043
0.81602
1.162984
0.867748
0.84
0.913279
7.39891
1.010431
1.06614
0.898746
0.901362
0.964645
0.83381
0.891637
0.974497
0.86477
0.891217
0.940699
13.878302
3.925102
0.999243
0.943412
0.978751
0.7578
1.600825
0.87355
1.029963
0.838017
0.983415
0.975157
5.664269
0.900626
0.985759
0.864944
0.933335
0.898727
0.95943
1.086147
1.038038
0.944461
1.085906
1.47377
10.189024
0.449599
1.053983
0.826579
1.028361
0.943999
1.034583
1.034591
1.066418
1.00477
1.02349
1.127778
1.062734
5.819785
1.064926
1.078289
0.867665
0.943301
0.880453
1.176932
1.366623
1.163946
0.997601
1.172914
12.908155
2.918031
0.876968
1.633613
0.970082
1.182378
0.938085
0.8631
1.094759
1.037972
0.962296
1.018596
9.158913
0.886712
1.065573
1.053242
0.912879
0.988239
0.969101
0.900867
1.005047
1.054016
0.907923
0.865713
0.971783
7.867041
0.641682
0.914775
1.136649
0.967312
1.295748
1.0255
1.109802
1.058797
1.321999
0.906569
14.860396
4.965341
1.215018
1.15687
0.855
1.136761
0.967092
0.911761
1.003658
0.885339
1.182896
0.984065
0.83807
11.77775
1.79593
1.031504
0.97403
1.339397
0.917575
0.965594
0.925513
0.890526
0.942647
1.285584
1.268325
6.590027
0.874895
0.808208
0.872389
0.941884
0.84778
0.966805
0.869023
0.901535
0.994577
1.512208
13.723344
3.78561
0.985961
0.939682
0.944642
0.983963
0.962403
1.00977
0.969795
0.90282
0.91931
0.964325
0.864523
8.876516
0.84901
0.822715
0.920398
0.976089
1.063477
0.924867
0.903038
0.84612
0.85298
0.933518
0.949455
5.699702
1.173271
0.91062
0.889055
0.90956
1.075739
0.953613
0.899417
0.907512
0.937491
1.181118
12.728175
2.760454
0.910516
1.195057
0.9236
0.956922
1.782072
1.062059
0.902616
1.013989
0.894147
1.008192
0.969576
9.903885
0.447145
1.00747
0.924602
0.832526
0.994274
0.879363
1.068535
0.891622
0.942712
0.857678
13.839067
3.916236
1.000537
1.625312
1.118257
0.920962
1.347644
0.843998
1.006612
0.865872
1.090376
0.928985
0.862668
11.96
2.066608
1.518366
0.870384
1.048975
1.208791
0.901715
0.979164
0.911167
0.915943
0.936476
0.92894
7.808553
0.791906
1.415265
0.940536
0.826755
1.224755
0.972738
0.946584
0.898743
0.953814
0.831422
0.878331
14.270211
6.831183
1.114236
0.967939
1.037708
0.853235
0.911345
0.881294
1.264022
0.82555
1.006964
0.998513
10.54925
2.783478
0.911807
1.022387
0.928573
0.922175
0.948181
0.957087
0.920826
1.058438
0.941934
1.168987
2.841318
0.916917
0.885615
0.842062
0.888917
0.896317
0.954223
1.350727
1.002539
1.12819
0.940435
0.834416
7.898824
0.714387
0.971759
1.024937
0.847938
0.900908
0.91032
1.001484
0.937878
1.000984
0.842151
1.42178
4.143355
0.904008
0.86193
0.943854
1.002379
1.109859
1.25822
0.94162
0.859429
0.883658
0.948155
0.949015
9.235587
0.572187
1.336093
1.051931
0.85125
0.910315
0.840703
1.214395
0.772299
0.930862
1.146467
1.002086
5.693395
0.864672
1.185919
0.886574
1.048666
1.362498
1.035772
1.104338
0.930704
0.976919
0.815788
0.93017
14.366621
4.519186
0.960479
0.806803
0.962961
0.835715
0.897597
0.910409
1.458243
0.98388
1.008525
0.914251
11.0686
6.229347
0.945869
1.328963
1.356914
0.896047
1.640139
0.908367
1.011028
0.914897
1.006723
0.983117
7.254225
0.915715
0.903306
0.904839
0.914543
0.913461
0.863589
0.916854
0.84821
0.909848
1.209803
1.112614
13.332002
5.593954
1.06264
0.979757
0.97305
3.256526
0.853037
0.859909
1.348098
1.334526
0.913633
0.973913
1.241233
9.922316
1.863756
1.085812
0.927086
1.220882
1.118039
0.83622
1.398927
0.914371
0.899794
1.179515
14.837736
4.925946
0.843456
0.91801
1.021179
0.935669
0.893033
0.915987
0.861721
1.098411
0.836097
0.946755
8.772477
0.731462
0.921338
1.118886
1.059198
1.175222
0.862257
0.996754
0.951639
1.108789
0.927534
0.946176
1.005394
6.992132
0.972628
1.1105
0.876537
0.900502
1.191867
0.868661
0.926891
0.889088
1.110968
0.880758
8.948771
0.755592
1.071396
0.933235
0.913322
0.924029
0.876822
0.928247
0.896752
0.928878
0.967176
0.799321
8.810475
0.778302
1.133789
0.981387
1.010966
1.187976
0.962608
0.959008
0.962671
0.883979
1.18575
1.043481
0.885992
5.753449
1.185445
1.12512
0.883336
0.86475
0.970261
1.239242
1.056347
0.910546
1.253935
0.848481
13.862488
3.949092
1.190241
0.842094
0.901955
0.882297
0.885332
0.829475
0.928352
0.90243
0.957735
1.101155
8.748264
0.980357
0.883332
0.894079
0.983183
1.105928
1.003214
1.221893
0.852816
0.867358
0.868738
1.019858
0.903503
5.804057
0.837811
0.910195
0.995843
0.967616
0.914142
0.940247
0.934961
0.87365
0.95693
0.996464
9.86939
0.498884
1.11525
1.254787
0.878663
0.881302
1.200003
0.929215
0.899099
0.851728
0.986727
0.872652
0.995202
8.644496
0.883551
0.942161
1.090176
0.91435
0.997071
0.935198
1.006253
0.918788
0.978944
1.08326
12.343847
2.478391
1.028716
0.930479
0.923076
1.164505
1.447793
0.944998
0.93883
0.958146
0.930393
0.824683
10.531856
0.691191
1.346209
0.892674
0.990615
0.932746
1.001637
0.82404
0.960628
1.04075
0.923852
1.537845
1.107723
2.867669
0.91968
1.125165
1.075564
0.884492
1.342633
1.36981
0.859391
1.070781
0.965787
1.086881
11.892124
1.981797
0.877355
0.741285
1.096589
1.318929
0.869299
1.013515
0.910965
0.855072
1.216404
1.064994
0.905706
6.591388
1.284497
0.95809
0.855768
1.070462
1.009964
0.919531
1.366495
1.169394
0.864677
1.05752
0.899638
5.574355
0.973589
1.194743
1.041188
0.86917
1.233668
0.889619
0.985582
0.961998
0.795847
0.948728
0.854556
11.898778
1.950215
1.137018
0.877291
0.82596
0.865598
0.916622
0.894839
1.039923
0.8496
1.139179
0.903219
10.1208
0.497432
1.329836
0.837328
1.057506
1.025574
1.282689
0.946983
1.073531
0.964903
0.983571
1.315839
5.976336
0.953692
0.952383
0.849228
1.251314
1.071137
1.27667
1.108627
0.926306
1.311958
0.952491
0.929564
13.293853
5.058217
0.993574
0.993783
1.17778
1.264355
1.057565
0.956959
1.215166
0.890527
1.151322
1.40993
8.915376
0.98267
0.855199
0.869986
0.994261
0.991498
1.289387
1.068011
0.97983
0.825717
1.189647
0.895559
4.887932
0.880497
1.086892
0.883731
1.168807
1.012052
1.025415
0.935724
1.091837
1.287386
1.051537
1.162312
11.787154
1.914445
0.985486
1.207657
1.040662
0.925166
0.985915
1.058932
1.01842
1.149199
0.934281
1.08861
7.231755
0.962577
1.019756
1.282454
0.899504
1.294796
0.95537
1.179868
0.935784
1.050002
0.887672
12.993039
3.082312
1.127745
0.930648
1.369876
0.970083
1.525447
0.932632
1.040466
0.915678
1.084461
1.018995
0.929228
8.840465
0.763999
1.226389
0.943066
1.107445
0.961115
0.888983
0.96016
0.907879
0.807148
1.627151
0.944118
8.919132
0.828541
0.968521
0.931487
1.075234
0.94163
0.898208
0.926976
1.076769
1.071642
1.275284
0.932906
13.786297
7.623701
0.914736
0.878229
0.978552
1.043159
0.943427
1.182951
1.001481
1.437442
0.919629
1.352148
10.658612
0.856564
0.847213
0.954972
1.259842
0.920584
1.220079
1.248667
0.909967
1.023842
0.949408
1.266274
0.840135
6.072701
1.277897
1.256246
0.992088
0.873515
0.943282
0.883683
1.02053
0.907761
0.969482
0.787695
12.846266
2.94435
1.173532
1.021825
0.910739
0.848318
0.984646
1.395131
0.948806
1.244079
0.957029
1.201948
8.798339
0.681052
0.980064
0.924006
0.882184
0.928081
0.987628
1.12174
0.964594
0.91672
0.896569
1.036899
14.341886
4.326202
1.009366
0.897385
1.04085
1.344643
0.882392
0.97034
1.03074
1.052777
0.979544
1.237322
8.902056
0.723181
0.973473
0.912725
0.898936
1.015967
1.245315
1.00548
1.020503
0.90719
0.87572
0.790764
12.766395
2.86222
1.169825
0.932346
1.267062
0.944014
1.071922
0.863492
0.936665
0.837519
1.530962
1.290795
5.94396
1.003553
1.456136
1.256894
1.007542
0.996661
0.965193
1.20516
1.068548
0.926113
1.240314
1.098501
9.901293
0.531661
0.901726
0.991956
1.176125
0.85012
1.006153
1.100862
0.887308
0.98939
0.98452
1.399288
7.822849
0.979544
0.995337
1.064735
1.288887
0.905962
0.820466
0.98095
0.886639
1.003548
0.83367
1.056487
10.863559
0.870483
0.962223
0.914471
0.942476
0.952243
0.954277
0.992319
0.999334
0.899973
0.946829
0.86055
0.85434
8.82326
0.981387
1.545076
1.510587
0.958354
1.222097
0.911487
0.878575
1.602608
1.230067
1.113676
10.962889
1.009454
1.133763
1.009354
0.820643
1.322533
0.958943
0.990565
0.86453
1.077135
0.951924
0.905856
1.381595
8.860187
0.822177
0.942759
0.936835
1.064669
1.005942
1.078742
1.131533
1.022431
1.084395
0.916835
11.718416
1.815554
0.900732
0.928758
1.084587
1.068112
1.524639
0.955198
1.142502
0.988955
0.951217
0.980015
0.833124
7.817184
1.604962
0.903107
0.925662
0.959123
1.107477
0.953865
0.951389
0.841813
1.140828
1.217599
11.080775
1.124438
1.085437
1.029114
0.933141
1.407485
1.810165
0.911665
0.993937
0.995449
1.078537
1.096021
0.855449
8.283971
1.26004
0.941171
1.502138
0.869526
1.072118
0.942506
0.957328
1.138125
0.873903
1.140295
12.294246
3.581444
0.859248
1.125494
1.027049
1.152955
1.124858
1.172587
1.264711
0.87716
1.003971
1.050979
0.910328
9.68197
1.882853
0.965431
0.878809
0.887767
1.294513
0.878904
0.869838
0.915851
1.057864
0.99355
12.766916
2.888728
1.047194
0.902957
1.067676
0.936676
0.918408
1.063326
1.186502
0.872258
0.99179
0.823227
1.074494
8.568613
0.877193
1.025304
0.927849
1.358236
1.254137
0.903688
0.875674
0.878305
1.240667
0.763994
14.778915
4.870227
0.828473
0.95945
1.188188
0.986006
1.092886
1.0644
0.919458
0.890987
0.874716
1.020471
10.466392
5.592787
0.995734
1.205751
1.036383
0.951823
1.048024
1.071489
1.008399
0.957562
1.261383
0.939487
0.901379
1.767455
0.973018
1.004911
1.070083
1.197076
0.865599
1.18799
1.181152
1.058826
1.095284
0.905609
0.854709
11.879518
1.956764
1.51893
1.390376
1.163335
0.921242
1.011083
1.041226
0.946815
0.94463
0.987445
0.939261
5.796498
0.941594
1.131117
1.040801
1.058533
0.959202
0.956114
1.28893
0.872304
0.876579
1.091501
1.042931
14.488658
4.467987
1.057991
0.963243
1.115851
0.868461
0.956181
1.042012
0.919255
1.288504
0.966866
0.920027
6.536602
1.369756
1.116324
1.549783
1.554813
1.161196
1.297985
0.917516
0.984995
1.379755
0.976816
1.056231
14.843988
7.819317
0.899774
1.009396
1.004633
1.304505
1.164097
1.032511
1.23024
1.206375
1.15582
1.244029
6.35538
1.184677
0.990584
0.985102
1.031882
1.305165
0.914183
1.207028
1.002491
0.873324
0.891462
14.963338
5.028178
0.930186
0.935183
0.946035
0.814376
1.115091
0.966012
1.245237
1.071657
0.996662
1.282426
0.965961
7.916557
0.965966
0.890496
1.059858
1.035541
0.897469
1.120143
1.139571
0.935097
1.187403
1.092985
14.649796
6.768928
1.071274
0.927975
1.6439
1.466195
0.920681
1.22675
1.025884
0.866659
0.977609
1.055102
1.270386
5.66654
0.93293
0.953929
0.879763
1.08814
1.243783
1.248238
0.886373
0.991163
1.051255
1.186336
1.550799
5.857926
0.882406
1.03153
1.00569
0.932577
1.171897
0.983615
0.962606
1.329606
0.995691
1.176126
1.229729
7.804185
0.978991
1.180301
0.885967
1.142317
1.041389
0.859606
1.028878
0.888338
1.048917
0.919937
0.827406
5.803147
0.924063
0.876358
0.912624
0.879845
0.896656
1.012844
1.050253
0.982028
1.343238
1.233562
0.976987
12.685219
4.776309
0.794169
0.916657
0.922805
0.917532
2.998689
0.897974
0.894762
1.183384
0.901127
0.945803
1.056712
7.849247
1.173415
0.970649
1.26902
0.963083
0.956676
1.67931
1.007146
1.259919
0.953165
0.871104
12.90617
2.979551
0.831729
0.90837
0.951115
1.000994
1.24514
0.957732
1.342973
1.185571
0.937857
0.968238
0.973673
9.823816
0.558349
1.236819
0.907587
0.817531
1.130146
1.416456
0.814088
0.866488
1.263499
0.987215
10.703364
0.724071
1.061736
1.323964
1.066327
1.012937
0.902079
0.982754
1.012943
0.829519
1.016378
0.968982
0.803261
8.45362
0.933269
1.113975
0.928267
0.78399
0.904685
1.185485
0.952734
0.999436
1.113433
0.871664
8.731072
0.836203
0.919998
0.934158
1.042488
0.961021
0.887092
0.901358
0.993111
0.900571
0.920843
0.853868
0.927941
5.891249
1.033706
0.958019
1.018214
0.93997
0.948642
1.318194
1.113667
0.945583
1.039994
0.984282
7.084736
1.020369
0.959981
0.866611
0.882387
0.94681
0.851757
0.910218
0.998825
1.096894
0.999638
0.978124
0.876882
6.611643
1.295246
1.068506
0.845745
0.961216
1.033034
0.933054
0.954792
0.933458
1.343518
0.938263
6.941957
1.100149
1.061973
1.213884
0.887099
0.914541
0.821056
1.066281
1.104235
0.93689
0.955055
0.985724
0.843083
7.794956
0.827822
0.92308
0.947143
0.8398
1.214671
1.134408
0.958009
1.261639
0.850692
0.85861
9.830108
0.623052
1.093308
1.371595
1.266047
0.892015
0.956156
0.820403
0.976438
1.039371
1.276135
0.983575
1.045458
7.939719
0.851754
0.958947
0.870681
1.237302
1.018754
0.883646
1.001378
0.874726
0.890504
1.19321
0.845731
9.82653
0.559494
0.892114
1.494542
1.487849
0.926388
1.023971
1.252322
0.962318
0.906894
1.107974
0.99421
6.909906
0.90839
1.016373
0.999808
1.043151
0.825715
1.366769
0.939492
1.044033
0.876782
0.901323
0.869352
7.73683
1.106167
0.851679
1.057252
0.997211
0.968924
0.930966
1.052801
1.408927
0.758494
1.186381
8.693686
6.877864
0.880014
0.949007
0.916533
1.188409
1.193842
1.005837
1.161177
1.35167
1.122343
1.199605
1.15117
7.853925
1.021433
0.907306
0.951506
0.99374
1.075632
0.956994
0.99002
0.930527
1.024141
1.216575
0.96451
7.818599
0.715565
0.946568
1.432908
0.924744
1.055409
1.063363
0.987374
0.867568
1.081479
0.9121
11.057608
1.023601
1.604744
0.862389
1.008049
1.068919
1.145566
0.92223
0.896634
0.988072
0.924528
0.9083
0.89352
12.835516
2.802159
0.894471
1.19923
1.321032
1.154202
1.029942
1.054513
0.941355
0.93452
1.241583
0.915194
6.383799
0.966958
0.900816
1.009535
0.864607
0.938867
0.975913
0.952425
0.9244
0.971684
0.98495
14.849872
4.907339
0.920317
1.198172
1.198007
0.864956
1.001167
0.939252
0.935805
0.890053
0.997536
1.140127
0.978035
10.744862
0.814276
1.240086
0.975839
1.404794
0.880413
1.075682
1.455433
0.938695
1.001789
1.073465
0.983031
6.75904
0.955516
0.998967
1.259776
1.252194
0.871385
1.143251
0.870192
0.97642
0.968881
0.876283
13.953988
4.149337
0.970032
1.030073
1.100782
0.957188
0.876593
1.385235
1.195855
0.924104
1.042947
1.049302
1.210966
10.494135
0.519192
1.282747
1.084308
0.894942
1.158677
0.808394
0.857377
1.019324
0.960017
0.929305
0.869556
1.063484
3.245136
1.027334
0.985386
1.106685
0.999127
0.980076
1.677354
1.070092
1.199528
0.906987
0.954693
10.742815
0.863295
1.2001
0.882415
1.054046
1.514214
0.862336
1.148374
1.125649
1.129225
1.013841
0.954485
6.518835
1.048104
0.933818
1.023179
0.873394
1.178699
1.139126
0.886789
1.044594
0.894425
0.961619
1.284803
0.889108
5.686086
1.007556
0.880633
1.3544
1.013082
0.893226
0.843
1.295511
1.213098
1.018618
0.970721
10.175604
0.560852
0.963247
1.192104
1.081526
0.86018
1.071879
1.396313
0.854174
1.342271
1.247096
0.92188
8.70373
0.873316
0.896301
1.117063
0.939562
1.274114
1.105532
0.952226
0.964858
1.311053
0.992588
0.931335
13.942206
3.951796
1.178304
1.225192
1.393698
1.048917
1.032177
1.032589
0.942328
1.066265
0.930654
0.864133
12.306621
8.863052
0.828643
0.931027
1.103218
1.259102
2.032239
1.180563
0.99461
1.301964
1.202553
0.985015
5.899676
1.077314
0.874681
0.907853
1.305213
1.029305
0.955483
1.021657
1.123623
1.003522
0.938937
0.997304
12.146597
2.171324
0.940865
0.900524
1.296497
0.971898
1.132216
1.042937
1.044799
1.390015
1.101587
0.893413
8.779978
0.713705
0.980394
0.91772
0.947053
1.010803
1.010136
1.027054
0.90628
0.946146
1.559216
1.031858
1.000554
6.890182
1.092694
0.972972
1.333249
1.2494
0.894891
0.911898
1.337971
0.935783
1.164991
1.166073
11.824942
1.917585
1.498856
1.018163
1.419694
1.019159
1.307367
0.914091
0.971031
1.05361
1.005092
1.107903
8.885606
0.775945
1.113896
1.504642
1.279161
1.033652
1.220498
1.073696
0.90552
0.916471
1.185371
1.103297
0.979178
5.42157
0.978548
1.091706
0.955436
0.916864
0.980134
1.096673
1.049044
0.804075
0.933005
1.298026
14.793189
6.748969
0.99567
0.943187
0.990336
0.939199
0.969037
1.066317
0.909909
1.081536
1.099171
1.065851
0.928183
6.889151
1.021314
0.935936
1.156736
0.879664
1.077779
1.00176
1.116117
0.902414
1.004248
1.093237
12.810532
2.747029
1.004891
0.908491
1.057273
1.177019
1.551072
0.993996
1.007249
0.873086
0.875828
0.952311
0.94692
4.246613
1.122781
1.042321
0.879083
1.088811
1.18091
1.038091
0.943504
1.071368
0.980246
1.067641
14.806248
4.883277
1.05015
0.993927
0.928369
0.9366
0.961983
0.982731
1.268411
0.913446
0.96581
1.171153
8.286314
0.846696
1.273741
1.062013
0.912396
0.865601
0.879161
0.877587
0.905729
0.996692
0.944026
1.157812
0.916766
6.784925
1.175289
0.928077
0.859918
1.282642
1.04905
1.347958
0.941269
0.948236
1.294568
1.186002
11.137546
1.221033
0.853844
1.063984
0.962336
1.252582
0.947076
1.003811
1.554923
0.840051
1.225387
1.386195
0.86261
10.302488
0.483051
0.981338
0.962493
1.041816
0.907662
1.39698
0.816877
0.964612
0.882494
0.897881
13.90946
4.028471
0.889075
1.03134
0.909258
0.853167
1.274864
1.108048
0.946001
0.851276
0.96805
0.872477
1.086335
9.817974
6.366628
0.912295
0.912481
1.028763
0.981996
1.256593
0.952345
0.931018
1.072919
0.872808
1.703418
5.363714
1.298712
1.325135
1.067552
1.090905
1.203349
0.943703
1.393864
1.217236
1.3378
0.863117
0.87618
10.563166
6.035879
1.099064
0.933786
0.788943
0.99722
1.673114
0.85812
0.912902
0.863897
1.608894
14.119175
4.186551
1.024786
1.309217
1.076442
1.016815
1.597273
1.055287
1.162033
0.844203
1.199959
0.851185
0.839427
9.880838
0.701873
0.903192
0.96306
0.827249
0.996121
0.946108
1.163487
0.780325
1.564275
1.142653
1.350799
0.988751
1.837747
0.937999
1.282021
0.997831
1.605793
0.798882
1.206875
0.881257
0.835325
0.858892
1.242003
10.535969
0.574243
0.993018
1.028536
1.488837
0.895671
1.150682
0.963641
0.999761
0.913536
1.454845
1.550602
12.852844
2.902403
1.187245
1.327172
0.956411
0.926344
1.158547
0.986398
0.951823
0.779906
1.007093
0.948165
8.894105
0.84381
0.984735
1.155585
0.96364
1.129825
1.161149
1.058837
1.066377
0.93145
1.099111
10.640936
0.658003
0.946363
1.115326
0.991115
0.978071
1.073862
1.298307
1.057471
0.947898
0.933856
0.998029
1.038443
8.949414
0.657092
0.946471
1.005563
0.885855
1.025966
0.981423
1.325741
0.961954
1.019137
1.054436
0.947093
9.87998
0.436985
1.223924
0.978166
0.94926
0.799467
1.121798
0.923614
1.165304
0.881166
1.066506
1.125245
8.394776
1.169472
1.072815
1.359295
0.945806
0.987432
1.090036
0.920096
0.864167
0.947736
1.160092
1.011878
12.126343
2.239884
0.936094
0.982525
1.226349
1.012322
1.093134
1.126361
0.934858
0.847994
0.952223
0.89374
8.833608
0.897251
0.957068
1.247417
0.870928
0.959388
0.878763
1.342866
0.975467
1.085528
0.990447
1.003363
10.703757
0.75204
1.228934
0.973667
1.289243
1.11004
1.478211
1.291391
1.222866
1.189519
1.300526
0.874412
11.745143
1.942881
1.195533
0.836852
1.004398
1.098215
1.108459
0.927041
1.007938
0.860735
1.016329
0.946031
0.931182
3.931525
0.932606
1.088814
0.921585
1.058818
0.904754
1.325901
0.989652
0.877843
1.094403
1.486692
12.107078
4.207996
1.145553
1.308933
0.943751
0.853542
1.326564
1.228813
0.916159
0.99594
0.920895
1.16006
1.132359
3.842825
1.026934
0.979873
1.037623
0.958748
0.859586
1.046006
1.242671
1.019898
0.974743
0.946234
12.793539
4.755694
1.531013
0.852139
0.947504
0.969153
1.752079
0.959683
1.300146
1.137904
0.967623
1.01677
0.921911
4.724106
0.973598
0.923537
0.997599
1.372976
0.908789
1.104276
0.937325
1.104416
1.440291
1.354277
12.861822
6.889886
1.022783
1.01319
1.184849
1.016816
0.939143
1.13403
0.924961
1.194057
1.169649
1.014507
1.259613
6.895861
1.12994
0.915275
0.971613
0.918121
1.386477
1.029464
1.114343
1.131619
1.345907
1.033225
14.875884
6.51501
1.219652
0.90406
0.894053
0.901708
0.902949
0.950617
0.895019
0.88366
1.246626
0.921896
6.877022
0.915167
1.205004
1.088313
0.927716
1.040348
1.094738
1.303824
1.119718
0.923077
1.211565
1.225003
14.749197
6.39915
1.187916
0.988827
0.916478
0.965271
0.964054
1.189303
0.90606
1.229076
1.024721
0.784377
7.724792
0.867881
1.12956
1.05658
0.879483
0.859661
0.949837
1.018013
1.11735
0.932484
1.016356
0.92535
15.781975
5.838581
1.081628
0.89517
1.069444
1.001298
0.977028
1.00262
0.874011
0.949639
1.074968
0.911352
9.034962
1.019663
1.005721
1.084591
0.908684
0.988544
0.941914
0.924395
0.992101
0.936411
1.180242
1.025637
9.986004
0.524049
0.999512
0.867949
1.038076
0.914926
0.994688
1.197344
1.006749
1.501654
0.916767
1.378921
1.004604
5.808553
1.517994
0.886412
0.991111
1.376275
0.991765
1.064468
0.961858
1.170075
0.932179
1.324379
14.760055
4.81871
1.18092
1.280184
1.008766
1.041582
1.053285
1.19397
1.009443
0.924052
1.287689
0.951672
0.976965
8.750906
1.027687
0.947443
1.015351
1.002432
1.286538
1.064815
1.060541
0.999691
0.923629
1.612873
1.022441
13.75413
3.886773
1.311768
1.002276
0.982263
0.886418
0.892248
1.017671
1.115062
0.909509
1.103153
0.935473
5.859467
1.040171
1.146778
0.945894
0.934666
1.447204
1.385164
1.047303
1.302905
1.746716
1.185402
0.877017
13.80009
5.71896
0.944637
0.929277
0.94938
1.051147
1.248374
0.984052
1.063339
1.027341
1.034545
0.94284
4.79912
0.923566
1.123658
0.946438
1.049166
1.119042
1.041765
1.044933
1.18538
1.453585
1.093167
1.177701
12.016579
3.916843
0.925684
1.038526
0.963231
0.990151
0.973171
1.02511
1.024186
1.124692
1.186112
1.256556
7.964682
1.232503
1.228203
0.976712
0.98358
0.887
0.968455
0.998358
0.998074
1.33322
1.189552
0.915686
12.986438
3.035842
0.879658
0.847136
0.938981
1.172965
1.00707
0.975974
0.966656
1.223459
0.959285
1.459077
6.84859
1.038589
1.199189
0.969469
1.092599
0.969381
1.130519
0.956735
1.150914
1.013235
1.082137
0.995719
12.775647
4.279134
0.983883
1.069642
1.025066
0.801926
1.184183
1.218036
1.104997
0.927182
1.031805
0.934635
7.066005
0.99663
1.097445
1.365608
1.047366
1.318381
1.186469
1.59618
0.978191
0.883555
0.949117
1.151763
12.867097
2.898574
0.947971
1.121326
1.28686
0.936058
1.600978
1.270159
0.916122
0.945305
0.949799
0.993473
7.871277
0.862575
0.953348
1.061436
1.069042
0.934216
0.95061
0.879814
1.031804
0.998775
1.187286
0.989793
15.783093
5.870051
1.025023
1.583776
1.228673
1.494369
1.021102
1.007895
1.020673
0.984069
0.91249
1.048261
8.642408
0.975503
1.66629
0.953648
1.147581
1.030894
1.082136
1.188613
1.014455
0.891102
1.107197
0.965252
15.813827
5.916485
1.06869
0.963081
0.900114
0.986589
1.038387
1.242175
0.972727
0.873846
1.001341
0.972765
8.534387
1.055879
1.0774
0.90381
0.977593
0.893188
1.156015
0.905423
1.410781
1.004628
1.075938
0.986702
0.880663
6.880101
1.0973
1.052202
0.898461
0.969115
1.028648
0.940543
0.849211
0.91676
1.616431
0.877287
10.637559
0.726882
0.944245
1.362464
1.140921
1.056643
1.359995
0.915837
1.140997
0.969662
1.031617
0.940055
0.970094
5.735306
0.852263
1.090745
0.999224
0.907856
1.275961
1.18168
1.05839
1.422304
0.906822
0.950281
11.848008
1.907073
1.060096
1.228155
0.909392
1.043051
1.610474
0.961736
1.01194
1.001266
1.228045
1.196341
9.736441
0.48836
1.319513
1.079278
1.186955
1.008072
1.069273
0.920558
0.976408
1.271528
0.972292
1.133603
14.892711
4.924362
1.091336
1.538802
1.057208
1.044748
1.094842
0.991423
1.260261
0.938212
0.882553
0.902671
10.946065
0.992666
1.2961
0.771099
0.91448
0.879894
0.895313
1.231669
1.181568
1.300199
1.011043
1.383874
1.093113
6.858142
0.952465
1.03766
1.252669
1.059023
0.984813
1.013438
1.110132
1.510139
0.946877
1.141023
14.256455
4.368295
1.16187
1.336158
1.070178
0.951494
0.989201
1.08036
0.853834
0.903678
0.940419
0.910255
1.092316
10.73371
0.740479
0.908207
0.881368
0.930138
1.145332
0.905576
1.051835
0.963973
1.390209
0.980521
0.977604
6.867253
1.046373
0.909037
1.032412
0.914986
0.915763
1.238459
1.181013
0.882482
0.969672
0.880511
13.539323
3.680748
1.001929
1.129683
1.076956
0.903346
1.105518
0.905679
1.165402
0.964953
1.479867
0.897309
1.165486
9.877287
1.812662
1.015874
1.123398
0.889808
1.085213
1.624277
0.909973
0.990936
0.950764
1.115473
1.073451
5.895806
0.952713
1.019992
0.925188
0.953332
0.878926
0.934454
1.594242
0.913503
1.072615
0.908241
12.677687
2.771334
1.075954
0.888561
1.120375
1.019423
0.854572
0.943893
0.994394
1.123887
1.135241
1.124001
1.073622
9.168387
0.885064
1.435236
0.931223
1.074362
1.408184
1.171029
1.191151
1.027798
0.985345
0.907353
1.099998
5.702235
1.77225
1.270898
1.642077
0.927117
1.093285
0.938822
0.998047
1.045728
1.243513
0.865427
13.071056
6.821768
0.936276
1.072552
1.00788
0.847719
0.901565
1.007111
1.177269
1.011918
1.139464
0.936519
0.998631
10.361053
2.934744
1.125939
1.231424
1.402156
0.881185
0.895303
1.108093
1.098094
1.056016
1.037176
0.913877
3.735613
0.991282
1.004288
0.951496
0.918064
1.32354
0.918459
0.936741
1.483591
1.22699
1.049937
13.82076
5.796113
0.999959
0.980768
0.994478
0.901074
1.011656
0.950139
1.170619
0.943894
1.046279
1.003409
0.873713
9.145716
0.91084
0.895726
1.034469
0.938621
1.460832
0.909063
0.997776
1.156776
0.92538
1.062302
1.169749
7.630916
1.001322
1.016022
1.623291
1.071657
1.143495
1.206874
1.125989
0.89707
1.314476
1.244158
0.960383
11.812793
2.112254
1.047737
1.021246
0.925983
0.985403
0.987309
1.207599
1.136486
0.91047
1.012059
1.058406
9.952658
0.447688
1.545652
1.370285
0.924297
0.869217
1.13619
0.795413
1.084946
0.970609
1.015585
0.995085
6.677969
1.408448
1.016193
1.047577
0.980068
0.976438
1.104488
0.775125
1.338413
0.922579
0.933442
0.928287
15.803854
8.039509
1.051275
1.455714
0.956288
1.279878
1.161666
0.95456
1.392587
1.614171
0.961581
1.504815
6.580912
0.916165
0.956506
0.955944
1.115335
1.140242
1.084413
0.940728
1.437257
1.031103
0.875131
1.128176
7.367964
0.898334
1.225482
1.05641
1.354245
0.901673
0.964903
0.874993
0.857509
0.896917
1.084271
1.670169
12.935837
3.040621
0.986295
0.968311
1.001404
1.043519
1.288123
0.8684
1.236247
0.798359
1.188231
0.883101
9.219518
0.699809
0.998066
1.431335
1.132719
0.915544
1.047942
0.908373
0.970824
1.025507
1.354467
1.18676
3.640455
1.069692
0.898289
0.823973
0.923939
0.911619
0.883995
0.923177
0.889419
1.383754
1.590953
1.061027
11.588025
1.658
0.875725
1.465196
1.012989
2.768213
0.896986
1.065248
0.889433
1.110862
1.047615
0.926888
8.092344
1.031108
1.088842
0.924664
1.326894
0.936439
1.61378
0.901378
0.84747
1.03365
1.204621
1.04396
0.923648
5.84955
1.291513
1.462186
0.926848
0.86712
1.352727
0.917492
0.917359
0.90328
1.161319
1.153927
9.91505
0.432431
1.193857
0.999621
0.878945
0.927701
0.975003
0.994609
1.275579
1.077632
1.028915
0.984844
10.447975
2.843422
1.645896
0.993374
1.055936
1.213533
1.07387
1.104114
1.031286
0.845454
1.014619
1.189061
0.910351
3.785124
1.123741
0.91046
1.241242
0.960764
1.118252
1.013071
0.990412
1.081376
0.937041
0.996503
14.166848
4.187645
1.026655
1.010951
1.653739
1.152211
1.374242
1.303955
0.888842
1.30365
1.324669
0.852351
5.781659
0.9774
1.118606
0.909311
0.980726
1.191937
1.095714
1.21607
1.078686
1.209299
1.010372
0.911436
1.033892
5.814024
0.932905
1.052539
1.186122
1.227303
0.975591
1.005884
0.895308
1.047073
0.961204
1.457523
9.579139
0.754871
0.996882
1.121692
0.913011
0.966248
0.934203
0.940152
1.516539
0.968155
1.004878
0.896847
0.949052
0.927785
0.877389
0.932703
0.859003
0.926877
0.965063
1.125994
0.918324
0.957848
0.870155
0.844277
0.99365
1.043129
0.882191
1.140684
1.189885
0.899282
1.096994
0.918491
1.077157
0.881166
1.359839
0.893991
8.938113
0.934713
0.896861
0.902603
0.927729
0.946929
1.498351
0.872926
0.889731
0.919896
1.33765
0.985689
6.920304
0.965583
0.874327
0.958366
0.809047
1.054824
0.880306
1.049925
0.971002
0.870276
1.010595
1.207113
0.948032
6.72054
0.851931
0.929008
0.975119
1.136138
0.80343
0.89732
1.125157
0.957863
1.058791
1.020527
13.986394
4.091126
1.451664
1.474674
0.954662
0.954347
1.016745
1.337461
0.988584
0.882428
0.922255
0.823001
0.963707
9.795113
4.941365
1.081076
0.863615
0.876541
0.983334
0.924458
0.911307
1.071665
0.952554
0.899336
1.037659
7.813066
1.288605
1.136952
0.82367
1.056016
0.737879
1.036969
0.926245
1.051084
0.934723
1.62773
0.978158
14.69749
5.869213
0.909875
1.194246
1.081678
0.935213
1.136903
0.971991
0.931387
1.465071
1.028993
0.942563
8.751757
0.894415
0.978013
0.914468
1.011258
1.025621
0.868999
1.008398
0.976986
0.847223
0.829069
1.038759
8.855872
0.766885
1.171637
1.028408
0.912485
1.055957
0.877266
0.868158
0.912257
0.799379
0.934338
14.850039
4.916671
1.019596
0.824867
0.895471
1.376414
0.827724
0.951047
0.892547
1.271669
1.43745
0.88754
0.922261
13.722181
3.743125
1.558602
0.925277
1.125143
0.873209
0.831083
0.925483
1.065372
1.062404
0.866701
1.52299
6.753645
0.897252
0.896816
1.367944
0.821675
1.074753
1.094958
1.137832
0.848734
1.029238
0.859607
0.990766
6.971455
1.065542
0.908602
1.017576
1.306682
0.869633
0.980277
0.919327
0.834438
1.416576
0.823003
1.402728
14.902243
4.938047
0.97181
0.800838
0.885554
0.891959
0.909022
1.080305
0.846843
0.990364
0.993151
0.934771
9.984543
1.795578
0.979248
0.79439
0.983539
0.988516
0.990161
0.937196
1.0186
1.008379
1.012888
0.994737
3.757094
0.882536
0.966546
0.948329
1.042799
0.99284
1.01138
0.913721
0.900133
1.043102
1.348263
0.929081
13.678733
3.762959
0.863841
1.046153
0.860579
1.022082
0.956859
1.014556
0.870045
1.024165
1.002888
1.009224
5.935774
0.978418
0.840183
0.99349
0.981048
1.025707
1.084811
0.959166
0.890474
1.02493
1.498401
0.813267
0.949886
2.7851
0.84341
1.054117
0.935748
0.861607
0.910484
1.074311
1.454874
0.938007
0.975965
1.108031
8.228759
1.007149
0.995012
0.868728
1.252316
0.877561
0.952693
0.948675
0.829541
1.092917
0.931236
0.890504
8.273476
0.940739
1.220865
0.899862
1.018596
0.873189
1.090937
1.339695
0.986501
0.96046
1.53403
0.856955
15.667924
5.788465
0.89432
0.994293
1.468023
0.983368
1.034945
1.532392
0.88993
1.011511
1.060483
0.938429
11.826408
3.730358
0.948312
1.225826
0.947954
0.862514
2.813803
0.872137
0.90512
0.891489
0.836641
0.969035
9.026014
0.908667
0.978761
0.847074
1.162777
0.773027
1.331424
1.0301
0.938492
0.973736
1.003061
1.711195
0.980253
6.824104
1.333743
0.837896
0.956255
0.958013
0.900882
0.894148
1.075208
0.908805
0.956991
1.428055
13.934918
5.787358
1.00077
0.826874
1.404825
1.105757
1.120724
0.984296
1.038409
0.923965
0.873536
0.981335
10.498095
4.353129
0.91638
0.864604
0.90618
0.977403
2.715262
0.927382
1.092397
1.192046
0.907288
0.937263
4.592823
1.042143
0.928375
0.966086
0.974296
1.29693
0.937705
0.887861
1.263945
1.038715
0.99654
0.844357
0.919414
6.85727
0.990873
1.219015
0.970499
0.862267
0.894964
1.114458
0.896401
0.966174
0.887836
1.078002
7.838584
1.021233
1.131944
0.964248
1.028164
0.819644
1.166436
0.849639
1.085035
0.972398
1.040052
1.107666
9.664372
0.495326
0.931024
1.112525
0.944065
0.908073
1.081497
0.924163
0.862724
0.962779
0.823789
1.277348
0.97954
4.841246
1.002186
1.368832
0.875835
1.332297
0.924252
1.641856
0.892626
0.91363
0.871008
0.910267
13.893075
7.678928
1.059458
0.924012
0.956415
0.946256
1.090767
0.933444
1.140192
0.894301
0.949255
0.977587
0.978004
10.56981
2.835548
1.262052
1.116893
0.918927
1.040691
0.871935
0.95406
0.99645
1.013319
1.136619
0.937801
8.832814
0.546719
1.672653
0.907286
1.001241
0.892112
1.044427
0.885305
1.121767
0.985923
0.920781
7.605594
0.974792
0.996555
1.118361
0.994694
1.229126
1.040652
0.877169
0.845935
1.06695
1.186387
0.875814
1.235128
12.763678
4.623225
0.850307
0.977638
0.861606
0.834916
0.913941
0.910007
0.860877
0.978531
0.964013
0.952551
3.879467
0.990286
1.156114
1.0641
1.021207
0.874811
0.94786
0.990214
1.061851
0.90985
0.795463
15.358176
5.444882
0.972034
1.060369
