0.468071
0.914381
1.318875
1.582356
1.433588
1.345897
2.639206
1.548759
1.188465
1.458439
1.363019
1.026532
0.925767
1.248532
1.159225
0.931477
0.979276
1.511605
1.874908
1.161197
1.232904
1.134447
1.155601
2.475921
1.27723
1.273713
1.18707
1.32421
1.248592
1.114998
1.167221
1.384351
1.259593
0.842192
1.011037
1.188891
1.309327
1.063962
1.003788
0.99369
0.99161
2.40105
0.978049
0.982045
0.935785
1.052644
1.246443
0.962702
1.003596
0.975036
1.134548
1.027489
1.083143
0.935995
1.171713
0.981599
1.007324
1.156011
0.976603
0.996343
1.542928
1.108166
1.085698
0.850623
1.109106
1.37825
1.263678
1.503784
1.08246
0.936511
1.120614
1.023493
0.903956
2.903565
1.317242
2.52587
0.945144
0.891204
1.634192
0.97818
1.076448
1.215881
2.854822
4.583841
3.492165
7.85556
2.836556
2.88962
2.712407
2.785724
2.715091
2.639617
4.992622
4.034866
1.557322
6.465524
1.301643
3.565645
3.529021
0.958556
1.0445
0.937558
1.658908
1.106631
1.214571
0.967515
0.946685
0.944295
0.94104
1.001981
1.002074
1.066289
0.991253
5.477048
3.07693
4.435201
3.519661
3.53349
3.424113
2.966528
5.467256
5.588032
5.332798
2.5247
2.531922
2.341689
4.446604
2.302792
4.454004
1.085629
0.953502
1.150389
1.257283
0.952964
0.974799
0.885454
0.974747
1.702474
1.600427
1.180199
0.890687
0.930681
1.23877
1.582795
0.977475
0.90645
1.351756
1.187273
1.335605
1.149094
2.247628
1.065846
0.925625
1.224094
1.188404
1.241985
1.026046
0.957844
1.208741
1.212062
0.947248
0.979394
1.364102
0.968389
1.012033
0.974752
0.899308
0.94814
0.881369
1.085155
0.979347
0.943519
0.978586
1.155777
1.00053
2.036193
0.993805
1.073355
0.919714
1.064841
1.067443
1.127949
1.202842
0.991393
1.144772
0.999589
1.219217
1.005207
1.004434
1.168459
0.921274
0.859622
0.858113
1.237906
0.997561
0.955663
0.984479
1.179761
1.035089
2.013441
1.003946
1.056074
1.351515
1.130488
0.94836
0.92388
1.097771
1.257159
0.937969
0.980969
1.172358
1.05366
1.319054
1.13473
0.910852
0.979937
2.49755
0.936532
0.949977
1.23601
1.313864
1.043888
2.961927
1.394808
0.949086
0.966072
0.964844
0.954869
0.9639
1.0045
1.269988
0.994649
0.912112
0.892276
1.934578
0.932477
1.162756
1.03244
0.974318
0.974817
0.93398
1.094306
1.04132
1.113778
0.999826
0.922932
1.922263
1.132401
1.073044
1.248222
1.062699
0.985872
1.234824
1.094867
1.144085
1.001374
1.154067
0.964065
2.144114
1.946378
0.972269
1.221283
1.252579
0.954554
1.544863
1.128982
0.998394
1.229207
0.914444
1.12016
0.895089
1.141708
1.009235
1.311021
1.04747
0.972759
1.118749
0.805211
0.984919
1.285935
1.260622
0.954091
1.325666
1.162375
1.208542
0.968545
1.156029
1.176963
0.969933
0.950229
0.953773
1.209409
0.970581
0.936921
1.224541
1.339064
1.293266
1.050126
0.953866
1.06157
1.047651
1.101738
1.022631
0.929251
1.392381
1.054646
1.176563
1.632621
1.229986
1.246463
1.169048
0.979206
0.961559
0.958738
0.967254
0.907427
1.279732
0.952993
2.91069
0.947105
0.987267
1.572356
1.437147
1.197443
1.129746
0.933888
1.268609
0.91467
1.221479
0.976897
1.047942
1.355264
1.390979
0.999445
1.229129
1.174853
1.013252
1.131365
1.167629
0.908985
1.161763
0.952603
1.560067
1.268199
1.122069
1.001733
0.936996
0.963491
1.320958
0.839076
0.979171
1.073843
1.272308
1.00347
1.461403
1.943102
0.962701
1.276312
1.283749
1.138635
0.965917
0.966019
0.904666
0.953954
1.260681
0.924161
1.472899
2.977563
1.372054
1.23065
1.264329
0.946516
0.914905
0.919445
0.954314
1.083405
1.218723
1.267296
2.983812
1.350727
0.953535
0.954888
0.950226
0.801769
0.997207
1.189555
0.905421
1.21726
1.093737
1.289756
1.019637
3.023508
0.909071
0.927746
0.997435
1.106356
0.974223
1.220846
0.973559
0.918052
0.989725
0.981937
1.16306
1.806279
1.00307
0.94667
1.087679
1.239395
0.974683
1.224398
1.043944
0.995573
0.948554
1.033939
2.064075
0.864993
1.031213
1.08973
1.343204
1.213924
1.458827
1.077098
0.956249
0.876784
0.987111
0.926715
1.200527
2.928502
0.982916
1.170141
1.035569
0.97914
0.956302
0.914108
1.176097
1.066947
1.064088
1.218928
1.175744
2.34764
0.927128
0.90777
0.940986
0.965218
0.961036
1.013118
0.993309
1.116032
0.892454
1.174432
1.151175
2.031404
1.069966
1.080895
0.910036
0.925811
1.224011
0.967011
0.94862
0.99686
1.008178
0.837786
0.990646
1.905722
0.932768
0.948669
1.427252
1.007451
0.932861
0.952247
0.966961
1.254485
1.158825
0.893592
2.544346
2.234544
1.147583
0.923276
0.993908
1.269698
1.210097
0.961712
1.022176
1.21036
1.262806
0.975109
0.943265
1.09436
2.915763
0.971501
0.960841
0.967223
1.026826
1.204737
1.158676
1.019982
0.919948
1.060862
1.064342
1.530702
0.916172
0.926464
0.92277
0.944643
1.211567
0.86652
1.035016
1.032798
1.270657
0.94016
1.111749
1.426469
1.831561
1.236765
0.940584
1.071449
1.302857
0.926228
1.163366
0.960964
1.180624
1.119239
1.233625
1.967286
0.715253
1.042084
1.205019
0.97271
0.954652
1.173152
0.839433
0.973866
1.100252
1.201818
1.045283
2.094036
0.915055
1.162724
0.95888
0.959058
0.901541
1.207307
0.96393
0.941525
1.052505
1.121932
1.193689
1.167399
0.910016
1.102247
1.020429
0.920555
2.439425
1.102219
0.972336
0.953444
0.955068
1.032185
1.304828
2.000213
0.956385
0.963578
0.956812
1.044658
0.970403
1.247641
0.974083
0.887142
1.206185
0.939632
0.940522
1.123823
2.233705
1.189642
1.229268
1.26949
1.084393
1.043432
1.342379
1.083875
0.987391
1.037641
1.411115
1.464109
1.301448
0.984683
1.138834
0.910389
0.979963
0.882199
1.216637
1.255795
1.11401
1.009241
1.120913
1.998366
1.290492
0.987947
1.005226
1.034466
0.999107
1.248153
1.19254
1.099463
0.919637
1.282344
1.086816
1.321939
1.448164
0.974247
1.38986
0.93971
0.913629
1.200832
0.93162
1.049268
1.045121
0.936638
0.911564
1.041166
2.183823
1.031163
1.058187
0.985855
1.072129
1.671329
1.129434
0.955978
1.081446
0.98448
1.327799
2.294884
1.885849
0.97565
1.344111
1.302014
1.062747
1.062129
1.095808
1.062313
1.065481
1.18117
1.034056
2.134158
1.443921
1.029856
1.096638
0.990137
1.282417
1.13294
0.895537
0.984968
0.926474
1.003906
1.008934
1.888034
2.001025
0.967269
1.514291
1.142898
1.005709
1.161102
1.408922
0.908699
0.967485
1.098176
1.05139
0.909654
2.030878
0.928488
1.060186
1.300051
1.054996
1.241772
0.889869
1.039867
0.975508
1.241763
0.934496
3.205479
0.973611
1.065851
1.26103
1.15437
1.017021
1.209432
0.911985
0.851135
1.240833
1.020766
1.0059
0.998146
2.405023
1.068609
1.152851
1.125439
1.226632
1.120195
0.962797
0.837414
1.23709
1.011581
1.022245
1.50624
1.421274
0.927427
0.935562
0.890108
1.042274
0.927995
1.20744
0.905323
1.126029
1.021069
0.926257
2.164444
1.275726
0.914611
0.923191
1.248416
0.903953
1.316898
1.263888
0.924106
1.035679
1.085078
1.173521
2.911156
3.215477
1.52262
1.156626
1.289435
0.961558
0.908403
0.876285
0.979672
1.145529
1.016089
1.138625
2.155403
1.207502
0.924617
1.061337
1.08868
0.948005
1.137003
0.958419
1.001667
1.057366
0.905501
0.944968
0.992286
2.041394
1.211645
1.061306
0.94777
0.955029
0.939581
0.906688
1.068929
1.2047
1.11985
1.121721
1.953362
0.921681
1.067124
0.923368
1.069928
1.231463
0.999138
1.222298
1.048601
1.179245
1.133577
0.98372
1.28784
3.127603
1.053598
0.981652
1.059836
1.219015
1.118565
0.963905
0.920194
1.208344
1.482192
1.287888
1.423677
2.060146
1.229363
1.078443
1.263056
1.25269
2.907132
0.940037
1.139477
1.305368
0.932709
1.017673
1.189569
1.038908
1.935747
1.021732
1.240183
0.969262
1.2234
0.981997
1.208816
0.957961
0.967941
1.009447
1.606552
3.163513
0.985869
1.085646
0.891942
1.114349
1.229895
0.963804
1.011716
1.431065
0.993012
1.099578
1.213741
1.581081
0.987376
1.038074
1.180766
1.012662
0.886494
0.97939
1.01431
0.959828
1.002821
1.201905
1.156481
0.957025
1.317525
1.192237
0.933907
0.951701
0.974874
0.954891
1.1713
0.922254
0.981406
0.929751
1.259681
2.244189
1.040455
0.955409
0.979257
1.065371
1.078694
0.984841
1.067839
1.20847
1.229778
1.266006
1.041303
2.209172
0.956882
0.942801
0.913962
1.334068
1.161742
0.955395
1.31666
1.140073
1.187538
1.043498
1.221237
1.449292
1.015797
1.040211
1.033842
0.989722
1.23123
0.976438
1.034299
1.056692
1.04814
1.067862
0.955384
2.393788
1.220142
1.163595
1.110816
0.984862
1.03909
1.297247
1.020811
1.005127
1.001254
0.95586
1.07537
1.572008
1.164594
0.982638
1.054883
1.059242
2.215077
0.985783
1.432769
1.126307
1.272945
1.151996
1.141263
1.350132
1.076061
1.0874
0.975
0.906502
0.935257
1.192634
1.327132
0.917474
1.040568
0.86288
2.046419
4.808548
0.999045
1.059806
1.016045
1.114551
0.963212
0.957419
1.095144
1.158658
0.934806
1.076638
0.919848
2.719215
0.925931
1.095761
1.255284
1.140369
1.136204
0.977075
1.198505
1.249969
1.186907
1.533315
1.690388
2.501894
0.985158
1.143796
1.26477
1.086812
1.264632
1.268804
0.975894
1.259448
1.092009
1.243408
1.28521
2.461277
1.111805
1.087454
1.046824
1.2789
0.955353
1.211857
0.869369
0.893713
1.067403
1.14576
3.098286
1.412443
0.980417
1.169963
1.129077
1.040717
1.281321
0.97529
1.015763
0.948026
1.23514
1.041758
1.069143
1.994316
1.050851
0.96918
0.899233
0.9929
1.282532
1.258901
1.070114
1.033427
0.91126
1.334339
0.965099
0.967899
1.308011
1.092788
1.006593
1.133132
0.946856
1.079136
0.950154
1.027494
0.891804
1.190766
1.444345
1.263533
1.195158
0.873297
0.894731
0.993486
1.274524
0.966302
1.261623
1.412938
0.989481
0.944314
1.007964
3.041701
1.136529
1.201171
0.909597
1.022711
1.08774
1.289905
1.157932
1.033637
1.007948
1.086982
1.270639
2.424779
2.583282
0.966918
1.031747
1.088552
1.277572
1.022426
0.99458
1.10793
0.897872
0.965335
1.098498
2.314219
0.886125
1.261136
1.293885
0.997045
1.207198
1.05601
0.903771
1.30981
1.252972
1.233281
1.01782
2.41803
1.1509
1.147654
0.995397
0.991263
1.045079
1.330332
1.057109
1.240411
1.138899
1.065875
1.187379
1.332202
2.118409
0.983766
1.245021
1.305061
1.252367
1.168046
1.15306
0.963251
1.034092
1.177127
0.858207
1.680291
0.919813
0.918316
0.948815
1.265371
1.114565
1.129261
1.262992
1.320642
1.220107
1.128585
1.057593
2.244824
2.467409
1.18267
1.047848
0.949932
0.966706
1.231566
0.88096
1.10209
1.024779
0.916982
0.983665
2.442217
0.956937
0.960519
1.271493
0.961711
1.004121
1.024783
1.02475
1.198134
1.30984
1.39405
1.178959
2.805113
1.097292
1.374035
1.136568
1.007665
0.956978
1.143359
1.271273
1.028908
1.21761
0.958195
1.15082
2.007875
0.905492
1.046211
1.481345
1.226339
1.111889
1.305934
0.965221
0.977554
1.236679
1.091615
0.865777
2.149115
2.479266
0.931624
0.961793
1.203532
0.87623
1.169295
1.055051
1.101254
1.477599
0.986534
1.260255
1.064135
1.569012
0.950389
0.930971
1.208428
0.951348
1.208649
1.356361
0.972432
1.047388
1.004501
1.363205
1.005496
2.441046
1.079616
0.992441
0.999056
1.334307
1.039766
0.895346
1.058544
1.233727
1.159183
0.989909
1.619339
1.08486
0.972721
1.289931
1.295681
0.967306
1.153902
1.075029
1.197822
0.998707
0.987099
0.966928
1.417725
2.477091
1.20258
0.990633
0.938785
0.946709
1.19296
1.491878
1.308748
1.226332
0.968178
1.190964
1.261852
1.976362
1.003697
1.062104
1.149003
0.957493
0.967727
1.082772
1.262567
0.87503
0.956102
1.037616
0.94416
2.226009
1.001704
1.160552
1.227286
1.020934
1.008037
0.994671
1.215799
1.238251
0.942174
1.172723
0.905399
1.500994
1.33885
1.024008
0.967081
1.179365
1.014578
1.23056
1.024741
0.908951
1.226014
1.340865
2.13245
1.391452
1.152901
1.0751
1.000124
1.05332
1.521786
1.039566
0.966882
1.22259
1.119335
1.005542
1.250423
1.320725
1.033885
0.998003
1.233989
1.429414
1.253024
0.920118
1.272098
1.008175
1.235883
0.949665
1.04894
1.310142
1.035023
0.990466
1.064008
1.277589
1.000222
1.285659
1.256127
0.962207
0.975038
1.154129
1.564901
1.309129
1.130524
1.28157
1.114458
0.867941
1.018399
0.977273
1.142205
1.34546
1.259798
1.204183
0.937146
2.233688
1.038712
1.281866
1.217646
1.294107
1.110876
1.227436
0.9913
1.347412
0.989362
1.170807
2.645488
2.334464
1.293718
1.284364
1.076801
1.028783
0.922049
1.111396
1.022719
1.072395
1.043928
1.047146
0.895534
2.051817
1.270535
1.283907
0.986144
1.235429
2.318276
1.037596
0.94767
1.046123
1.017414
0.990302
1.266324
1.814067
2.183697
1.097524
0.946275
1.003993
1.24577
1.289422
1.052794
1.095022
1.265092
1.02439
2.286786
1.332288
1.016155
1.165878
1.231688
0.974945
1.187594
1.019698
1.268365
0.94303
1.20326
1.226015
1.318024
2.195087
1.256089
0.936507
1.398789
1.21607
1.176792
0.822287
0.985821
0.92958
1.018301
1.042444
1.111359
1.910036
0.958516
1.248688
1.099298
1.186644
0.943616
1.254634
1.040599
1.255127
1.352809
1.081504
0.947895
3.188586
1.002213
1.375634
0.995152
1.019193
1.197016
1.248209
0.979949
1.082068
1.231618
1.224255
1.060059
1.262729
1.239374
1.148019
1.012543
1.224042
1.002595
0.916681
1.302748
1.254035
1.26539
1.00569
1.317046
2.046251
0.912885
1.502838
1.14769
1.298296
1.222492
1.013079
1.02686
1.207427
1.191801
0.893202
0.97287
2.288727
1.676489
1.241655
1.215701
1.145003
0.938341
1.044121
1.249198
1.430988
1.037716
1.315302
1.136461
1.026265
0.889387
1.030432
0.988636
0.990953
1.274455
1.299555
0.999712
1.069394
1.000495
1.204622
1.053519
1.477745
0.940826
1.19952
1.315305
1.268041
1.031354
1.250982
0.945864
0.971574
1.303853
1.131394
0.941154
1.994128
1.485235
1.048303
0.96811
1.142139
1.427609
1.128106
1.025686
1.458725
1.203663
1.444023
1.008926
1.58822
1.341402
1.366025
1.191441
1.126476
0.922482
0.960626
1.037853
0.986841
1.039425
1.025176
1.295834
1.258178
1.350805
0.997574
1.296583
1.374073
1.300271
0.935013
0.996054
0.945992
1.32946
1.283185
1.018257
2.292544
0.95511
0.99041
0.874893
1.373751
1.301721
0.837527
1.095423
1.371214
1.013005
0.940182
1.196799
0.98905
2.28377
0.952102
1.357393
0.990865
1.210419
1.070201
1.327247
1.124735
1.323159
1.016284
1.030438
2.153653
1.094798
0.918175
1.038125
1.246514
1.07156
1.301733
1.335693
0.952158
1.241024
0.959616
1.426334
1.058469
1.256156
1.259812
0.975679
1.320012
1.312956
1.235864
1.041252
0.989431
1.204369
1.340454
1.096104
2.037236
2.072685
0.850911
1.070145
0.967326
1.048405
1.08969
1.125839
0.988047
1.261504
1.259916
0.972549
2.938563
0.983243
1.058387
1.045505
1.27825
1.34592
1.174836
1.025096
1.204324
1.312358
1.219139
1.383497
1.349402
1.548815
1.067383
0.953895
1.190481
1.4172
1.469013
1.234248
0.978684
0.939461
0.947915
1.352061
3.293971
1.196835
1.00872
1.287934
1.374476
1.021183
1.953065
1.064873
1.096249
1.244806
1.220654
1.023658
1.149098
2.326467
1.388902
1.273217
1.263366
0.977518
1.335088
1.236318
1.24829
1.063799
1.131476
1.267653
1.490678
2.184764
1.061455
1.23422
1.298127
1.46286
0.963019
0.993992
1.263326
1.389098
1.00095
1.00768
1.323158
1.214763
0.959919
1.30299
1.062076
1.25685
1.4164
1.367247
1.039989
1.041339
1.004711
1.309938
1.22874
2.483023
1.494192
1.106146
1.247731
1.020792
1.289319
1.081105
1.309018
0.993074
0.976219
1.106167
2.144004
2.540986
1.00272
1.309139
1.259153
1.275497
1.24963
1.264165
1.318061
1.325359
1.208684
1.342488
2.055288
1.128196
1.361745
0.954404
1.33389
1.093969
1.367127
1.353188
1.175638
1.392361
1.323473
1.372251
1.274885
2.559114
1.259553
1.36187
1.095406
1.253086
1.130902
0.96196
1.36335
1.330924
1.034751
0.984886
1.313385
2.35369
1.283008
1.023211
1.330244
1.30372
0.958254
1.116631
1.022774
1.111358
1.024853
0.976485
0.980502
2.499196
1.058209
1.347372
1.15457
0.986515
1.054
1.091092
1.254088
1.323212
1.051723
1.277839
1.060341
2.023966
2.174961
1.012897
1.514325
1.259461
1.267789
1.105892
1.449616
1.082181
1.464639
1.320539
1.328303
2.949269
1.406178
1.40141
1.097968
1.089529
0.979657
1.018936
0.90546
1.306399
0.921842
1.046598
1.569307
2.319036
1.11294
0.957971
1.260677
1.059778
1.314336
1.351153
1.511427
1.080079
0.959571
1.341368
1.12345
2.402378
1.016703
1.296614
0.994709
1.33484
1.526361
1.306226
1.331107
1.28018
1.107442
1.206947
2.658086
2.697002
0.913968
1.25877
1.373207
1.403803
1.297106
1.090415
1.103853
1.222836
1.218152
1.054825
1.233774
1.384239
1.023901
1.117266
1.266033
1.343612
1.112792
1.225562
1.103976
1.245996
1.338461
0.920104
1.38195
2.390689
1.33003
0.937968
1.334092
1.328207
1.239382
1.142643
1.422107
1.087455
1.188247
1.376915
1.279884
2.049577
1.113746
1.075533
1.045453
1.25585
1.533245
1.008564
1.128177
1.037448
1.281269
1.143372
1.197716
1.464853
1.314068
1.134533
1.119396
1.098367
1.117683
1.261426
1.293672
1.018279
1.275286
1.303537
2.642357
1.147726
1.04459
1.456333
1.006715
1.237813
1.268145
1.255818
1.13301
1.048745
1.303236
0.978352
1.307904
2.447592
1.29825
1.335278
1.235009
1.50915
1.123218
1.366187
0.943903
1.054055
1.353339
1.15262
1.299715
1.143977
3.497537
1.401657
1.28085
1.340957
1.323374
1.329655
1.358728
1.373196
1.041583
1.259557
1.306447
1.080178
1.46352
1.117598
1.267791
1.086117
1.264069
1.1955
1.528169
1.277372
1.370935
1.421344
1.296119
1.536422
1.167736
1.114458
1.46347
1.284683
1.009742
1.254176
1.38102
1.007079
1.123199
1.415718
1.289031
1.333406
1.201526
1.309783
1.30553
1.250841
1.531236
1.387527
1.027284
1.014438
1.163135
1.487868
1.049773
2.508121
1.586656
1.115151
1.088825
1.428733
1.160028
2.067409
1.250606
1.288594
1.05252
1.34269
1.157659
1.38338
1.195868
1.30737
1.087981
1.191561
1.130654
1.231076
1.379659
1.277376
0.985763
1.397883
1.29966
1.061046
2.257192
1.227448
1.530846
1.289024
1.108219
1.03508
1.18133
1.312901
1.119617
1.106787
1.309171
1.538347
1.06995
1.324473
1.282917
1.0429
1.30095
1.452202
1.054242
1.303984
1.09209
1.302823
1.225572
1.300625
1.290188
1.044083
1.070827
1.145482
1.195431
1.306433
1.377461
1.077596
1.247033
1.514053
1.259225
1.726582
1.999153
1.41403
1.297182
0.991172
1.358553
1.18388
1.204609
1.168641
1.277144
1.395347
1.333932
1.361162
1.029693
1.06514
1.092481
1.274541
1.114486
1.299429
1.052445
1.08762
1.232353
1.284958
1.318227
2.514142
1.035412
1.193012
1.325887
1.093268
1.342233
1.082465
1.082283
1.366048
1.410564
1.329383
1.274881
2.528314
2.303238
1.184761
1.013524
1.487415
1.196978
1.291324
1.160013
1.015114
1.094712
1.388385
1.315778
2.343123
1.114664
1.28311
1.094501
1.059871
1.337933
1.168605
1.05159
1.036043
1.262376
1.086675
1.042286
1.218529
1.708159
1.074956
1.206001
1.305203
1.229832
1.085961
1.102616
1.228032
1.174009
1.024585
1.038579
1.281589
1.492524
1.353199
1.313542
1.08341
1.499389
1.009074
1.143252
1.201273
1.441925
1.104347
1.094229
1.130684
2.175583
1.390038
1.165734
1.28945
1.131074
1.104153
1.473406
1.307523
1.345548
1.332267
1.510156
1.087187
1.933131
1.557345
1.040399
1.278604
1.092485
1.285934
1.146856
1.217135
1.03061
1.382252
1.08342
1.500309
2.230101
1.389026
1.299115
1.030455
1.29509
1.39485
1.285262
1.329504
1.347451
1.324766
1.349193
1.118482
1.868829
1.30839
1.308891
1.220718
1.094082
1.006757
1.439263
1.085696
1.290571
1.326667
1.224072
1.322653
2.352051
1.107646
1.375443
1.259381
1.528518
1.386337
1.1324
1.403669
1.218555
0.990115
1.030015
1.482771
1.343416
1.168491
1.216048
1.356144
0.981647
1.174919
1.483252
1.337612
1.277873
1.094871
1.277826
1.070961
1.818847
1.346376
1.325604
0.995081
1.444697
1.412795
1.167015
1.051064
1.378957
1.472613
1.337351
1.768048
1.408815
1.057528
1.392377
1.193139
1.382408
1.115155
1.310005
1.093521
1.236983
1.262547
1.272706
1.330457
1.403352
1.286316
1.289261
1.444897
1.138006
1.232081
1.341662
1.100439
1.267193
1.262862
1.326944
2.430639
1.170377
1.165057
0.994073
1.074313
1.314794
2.171778
1.068358
1.341901
1.473832
1.042257
1.357188
1.152782
2.316874
1.380157
1.410355
1.23427
1.260363
1.11343
1.453728
1.040857
1.297509
1.072136
1.244536
1.083939
2.386517
1.038997
1.135397
1.091906
1.114167
2.316828
1.30989
1.53636
1.300882
1.298352
1.338473
1.040074
1.878054
1.123766
1.331737
1.32483
1.08386
1.080341
1.305078
1.197658
1.341893
1.134007
1.08701
1.429341
2.045811
1.053181
1.391334
1.465059
1.119142
1.353927
1.303034
1.325754
1.117104
1.079315
1.390434
1.227201
2.395655
1.318121
1.40956
1.363114
1.358829
1.320828
1.294767
1.243157
1.591301
1.10413
1.09123
1.204019
2.744455
1.004547
1.413703
1.478061
1.416815
1.178276
1.010913
1.3551
1.281178
1.312876
1.369062
1.28711
1.640605
1.369756
1.204774
1.370095
1.290206
1.298198
1.002606
1.386538
1.048288
1.561138
1.019112
2.269072
1.4047
1.200291
1.185084
1.207431
1.052807
1.16398
1.268715
1.251766
1.11513
1.085217
1.482274
1.100754
1.291458
1.433646
1.143786
1.346674
1.438464
2.0796
1.322901
1.316325
1.412962
1.247075
1.050638
1.332203
3.155232
1.069204
1.329901
1.318264
1.607424
1.064115
1.10204
1.403746
1.027287
1.395137
1.18012
1.301418
2.414843
2.045788
1.212194
1.207748
1.210166
1.26482
1.284329
1.146127
1.218931
1.296833
1.290108
1.183063
1.584164
1.119999
1.141872
1.151886
1.388227
1.330553
1.003584
1.166505
1.196664
1.39063
1.041672
1.313563
2.407501
1.128785
1.232056
1.083095
1.559478
1.157695
1.006187
1.178972
1.284375
1.059959
1.323658
1.232203
2.636809
3.374006
1.296856
1.46934
1.419055
1.561863
1.005212
1.369282
1.321669
1.14249
0.998993
1.278473
2.553847
1.372331
1.140687
1.312938
1.437672
1.052819
1.213427
1.251761
1.268232
1.388899
1.111186
1.436327
2.528976
1.525114
1.126372
1.253349
1.192302
1.324978
1.078562
1.147201
1.002906
1.012831
1.411686
1.451031
2.286598
1.473341
1.35174
1.208504
1.123974
1.101596
1.162
1.307909
1.298157
1.072233
1.303876
1.04247
1.274679
2.090161
1.153339
1.285709
1.37487
1.02521
1.350132
1.425384
1.351959
1.33571
1.340443
1.016137
1.196613
1.287522
1.18494
1.229407
1.092182
1.196383
1.265429
1.154501
1.04365
1.165215
1.197265
1.545926
2.521109
2.640825
1.047658
1.409621
1.567835
1.140566
1.168819
1.186963
1.361621
1.186963
1.308483
1.294534
2.338341
1.341846
1.4839
1.34301
1.200144
1.336446
1.43258
1.290817
1.467707
1.403348
1.33426
1.289648
2.525862
1.214821
1.334821
1.416343
1.299545
1.200359
1.107228
1.336143
1.369
1.103411
1.520386
1.115696
1.690716
1.081279
1.03258
1.409562
1.576459
1.340701
1.342809
1.302716
1.333817
1.359931
1.157442
1.215645
1.423095
2.474559
1.227623
1.033127
1.163047
1.143964
1.31467
1.457111
1.086921
1.2908
1.532472
1.229125
2.545243
3.102643
1.126051
1.319723
1.432926
1.028717
1.310462
1.399169
1.351557
1.166736
0.969688
1.174946
2.189745
1.437544
1.006013
1.398703
1.363361
1.107432
1.508175
1.330158
1.077907
1.082594
1.268196
1.185876
1.34087
2.312396
1.314679
1.141387
1.075018
1.309237
1.066505
1.38945
1.098254
1.384198
1.298633
1.11254
1.530712
1.273618
1.274762
1.17987
1.325199
1.056226
1.360128
1.301576
1.433526
1.210368
1.092124
1.418661
1.079912
1.808481
1.48916
1.339725
1.130558
1.217165
1.147335
1.231251
1.156061
1.400901
1.093228
1.092186
1.190017
1.601797
1.12916
1.035042
1.071474
1.532601
1.27917
1.244395
0.954141
1.409104
1.388312
1.086687
1.285218
1.447827
1.34505
1.040436
1.502938
1.401351
1.044056
1.339007
1.276651
1.141932
1.049931
1.256722
1.360275
1.302275
1.134993
1.271264
0.993894
1.096714
1.08617
1.130782
1.090936
1.14445
1.154264
1.232402
1.384529
3.167169
1.136312
0.989334
1.132513
1.32501
1.508024
1.352505
1.245918
1.138161
1.134568
1.386545
1.284216
2.429707
1.437609
1.171097
1.001821
1.375842
1.325088
1.234064
1.28613
1.389553
1.532869
1.38684
2.530958
2.748284
1.126146
1.067922
1.125368
1.353455
1.161058
1.359074
1.46556
1.407019
1.041386
1.074088
1.383037
1.449927
1.431343
1.430908
1.236661
1.122127
1.636803
1.477101
1.184177
1.108275
1.439817
1.352931
1.08325
2.600998
1.403146
1.38455
1.409116
1.084483
1.427992
1.168543
1.083041
1.161525
1.185431
1.29737
1.027687
2.857088
1.254834
1.08661
1.112115
1.506849
1.60662
1.069563
1.310825
1.263881
1.105493
0.954443
2.015654
2.601214
1.159533
1.426125
1.435451
2.016952
1.102137
1.150888
1.422534
1.145464
1.118802
1.460121
1.46206
1.269872
1.345728
1.353407
1.151895
1.436817
1.54808
1.41265
1.138215
1.337825
1.495814
2.389547
2.278178
1.421856
1.087448
1.269556
1.529799
1.552608
1.038581
1.147789
1.333232
1.253936
1.140363
1.264658
2.364758
1.477915
1.349358
1.464503
1.481629
1.063642
1.158238
1.41967
1.062567
1.319893
1.466556
1.194071
2.901462
1.250256
1.141067
1.503065
1.176822
1.144503
1.350313
1.292441
1.110805
1.312206
1.111287
1.232729
2.65658
1.624003
1.389499
1.534902
1.382798
1.058993
1.445728
1.094008
1.44855
1.069768
1.245917
1.191363
2.322708
1.340892
1.117848
1.275587
1.497653
1.294803
1.600382
1.384634
1.100132
1.371356
1.368809
1.019625
2.367091
1.183436
1.212087
1.203273
1.18001
1.101073
1.066415
1.430138
1.350528
1.167497
1.100059
1.41477
2.364607
2.361005
1.438619
1.085254
1.201569
1.15312
1.416865
1.361922
1.59084
1.193638
1.186939
1.346238
2.364343
1.437877
1.152408
1.281685
1.053377
1.247626
3.275648
1.225313
1.561935
1.323871
1.427472
1.552662
2.501271
1.384653
1.191563
1.098101
0.944663
1.178376
1.247149
1.402249
1.393479
1.379482
1.277757
1.118211
2.339679
1.976661
1.255188
1.413259
1.104373
1.199086
1.231589
1.180153
1.454878
1.25054
1.384694
1.301493
2.462304
1.066118
1.171491
1.339724
1.259224
1.135755
1.151752
1.224276
1.112762
1.200863
1.29759
1.442708
2.495207
1.36387
1.160159
1.259772
1.15439
1.349019
1.407075
1.035289
1.356379
1.283476
1.383776
1.353854
1.445595
2.31203
1.044855
1.419799
1.129816
1.093663
1.472957
1.359545
1.307749
1.162493
1.555099
1.156705
2.598037
1.124906
1.37831
1.36812
1.163921
1.412395
1.155565
1.143465
1.207703
1.256378
1.411607
1.11652
1.109112
2.565681
1.389657
1.282513
1.410202
1.279601
1.26817
1.311574
1.395408
1.300328
1.378036
1.311333
1.1534
1.759785
1.169564
1.406301
1.363868
1.452714
1.458946
1.039991
1.426785
1.093792
1.18692
1.390046
1.187252
2.570676
1.49318
1.425524
1.306311
1.318545
1.488913
1.16495
1.315166
1.431845
1.14194
1.227758
1.296563
1.46124
1.452916
1.235356
1.093166
1.204501
1.31
1.609102
1.07943
1.367415
1.372493
1.165838
2.497655
1.521021
1.118956
1.101083
1.406429
1.182981
1.179986
1.127273
1.222699
1.335036
1.169064
1.102653
1.358666
1.386685
1.143418
1.163172
1.434566
1.597105
1.137268
1.420161
1.524745
1.440461
1.374728
1.176357
1.538443
3.145033
1.172932
1.333323
1.346448
1.381197
1.347764
1.346002
1.542465
1.317593
1.163678
1.201762
2.058334
2.63342
1.399107
1.46526
1.409024
1.422333
1.243107
1.336056
1.135334
1.009915
1.139268
1.432644
1.512471
2.264502
1.428898
1.434298
1.452577
1.581573
1.220782
1.238528
1.305121
1.195862
1.548935
1.227897
1.245846
2.240823
1.413265
1.474505
1.322668
1.492955
1.440253
1.433824
1.398044
1.290626
1.130558
1.192331
2.562593
2.259311
1.291108
1.305348
1.282001
0.967753
1.307905
1.104652
1.271309
0.978762
1.214567
1.4378
1.479541
2.275036
1.049987
1.206819
1.491512
1.146205
1.301668
1.528233
1.201005
1.422428
1.200524
1.297401
1.071874
2.438309
1.406765
1.579341
1.366823
1.487416
1.156697
1.084823
1.45091
1.439374
1.422228
1.226728
1.234394
2.38866
1.451521
1.501061
1.527029
1.417764
1.131517
1.019361
1.303586
1.325901
1.166522
1.355993
1.554348
2.413222
1.33717
1.193706
1.095388
1.233641
1.382416
1.073756
1.100388
1.563157
1.043272
1.316179
2.476434
2.380838
1.474979
1.107982
1.153231
1.476806
1.128369
0.999022
1.215584
1.111249
1.369923
1.454554
1.557962
2.424895
1.459035
0.999859
1.419726
1.183808
1.389423
1.303898
1.218015
1.198612
1.383194
1.23429
1.394201
2.282607
1.317845
1.307214
1.349847
1.283595
1.263927
1.088773
1.200183
1.031035
1.509951
1.578407
1.333447
2.536687
2.076021
1.222898
1.237165
1.144753
1.209243
1.165178
1.247882
1.28551
1.325896
1.418559
1.595589
1.352365
1.362807
1.438587
1.395845
1.45768
1.391804
1.108778
1.291254
1.520925
1.266091
1.245528
1.494469
1.561105
1.284796
1.110821
1.197418
1.47821
1.176811
1.26298
1.074655
1.371146
1.20666
1.269984
1.168637
3.338967
2.284272
1.526151
1.510098
1.246231
1.144495
1.431325
1.194189
1.494703
1.270562
1.437414
1.407275
1.345471
1.502291
1.321056
1.337317
1.234524
1.550617
1.21947
1.227115
1.229378
1.230718
1.127386
1.179376
1.434242
1.984183
1.26219
1.279092
1.170382
1.096995
1.409754
1.583763
1.238167
1.046118
1.05471
1.396895
2.445934
1.422383
1.049053
1.37053
1.403187
1.457298
1.338329
1.52124
1.468492
1.600216
1.259739
1.151102
2.250085
1.476461
1.219474
1.367856
1.074371
1.155604
1.110756
1.215351
1.613384
1.479388
1.13342
1.428796
2.316585
1.226032
1.304232
1.41742
1.263177
1.507811
1.450577
1.249905
1.219033
1.179832
1.433815
1.305827
1.22338
1.209265
1.13604
1.265009
1.185875
1.18605
1.422125
1.350927
1.372885
1.181802
1.432207
1.370867
1.985884
1.220124
1.084989
1.168901
1.368837
1.423804
1.166874
1.270087
1.544928
1.5058
1.178338
1.385841
2.162819
1.578081
1.465592
1.099863
1.408432
1.444104
1.125511
1.22886
1.336848
1.51576
1.202337
1.24698
1.158457
1.718688
1.102255
1.519322
1.415956
1.12911
1.142366
1.110477
1.060868
1.328903
0.91464
1.360923
2.561974
1.398967
1.164496
1.498601
1.129787
1.327725
1.377603
1.206075
1.255332
1.408538
1.368204
1.1129
2.423929
1.166122
1.16633
1.568255
1.283104
1.229755
1.444965
1.241854
1.109789
1.253735
1.206966
1.263837
1.149024
1.523318
1.363305
1.12089
1.185592
1.372896
1.05066
1.388176
1.48962
1.219164
1.567843
1.101769
1.479306
2.24847
1.223942
1.405357
1.136515
1.249323
1.416169
1.344075
1.287096
1.285608
1.203564
1.209006
1.288321
2.519979
1.141892
1.289157
1.098548
1.367874
1.215942
1.171783
1.427588
1.395313
1.026103
1.456634
1.189263
1.194163
1.096175
1.477853
1.488817
1.100996
1.334767
1.254619
1.122671
1.512898
1.478429
1.15076
1.406166
1.44385
1.244967
1.175149
1.220651
1.177554
1.515429
1.576852
1.158845
1.274081
1.267163
1.166157
1.889328
1.279697
1.156616
1.328735
1.191618
1.113832
1.343113
1.234683
1.305
1.498225
1.49225
1.409653
1.462858
1.246808
1.120129
1.593556
1.522048
1.294774
1.488219
1.327606
1.442031
1.414372
1.300272
1.226458
1.032347
2.490052
1.463503
1.523411
1.176377
1.344661
1.171909
1.320371
1.177586
1.187515
1.343917
1.425853
1.913612
2.336821
1.062941
1.540325
1.4905
1.434036
1.377675
1.478274
1.329029
1.519849
1.326778
1.30122
1.311071
2.611589
1.504346
1.163577
1.190245
1.451177
2.459515
1.17044
1.148501
1.396911
1.143819
1.440775
1.115379
1.499875
2.284255
1.230142
1.225193
1.408429
1.48848
1.192311
1.174052
1.366904
1.13988
1.311505
1.6706
2.520354
1.422311
1.173047
1.151907
1.296869
1.390254
1.251591
1.080824
1.208764
1.228819
1.37092
1.158246
1.581685
1.503539
1.473567
1.151029
1.334872
1.036444
1.400478
1.184734
1.573818
1.427458
1.211
1.152095
1.724077
1.500497
1.353617
1.100801
1.403846
1.413615
1.201893
1.181126
1.245608
1.328501
1.08127
1.261719
2.185865
1.400393
1.560323
1.24044
1.29156
1.426421
1.231957
1.344696
1.23385
1.367256
1.123347
1.37329
1.857812
1.779882
1.298867
1.471816
1.354076
1.291332
1.294276
1.141744
1.073371
1.471409
1.272237
1.233436
2.210356
0.934986
1.202408
1.372029
1.566429
1.193689
1.111437
1.311959
1.438022
1.341823
1.209782
1.14865
2.595406
1.193216
1.090541
1.339899
1.186603
1.084184
1.184164
1.166889
1.32785
1.217646
1.539434
1.246282
1.487245
1.414571
1.527647
1.195572
1.371565
1.60457
1.231108
1.373037
1.515367
1.088396
1.483083
1.386235
1.067928
1.493217
1.450817
1.157948
1.45415
1.352865
1.414988
1.512586
1.408246
1.282536
1.412089
1.073947
2.1063
1.478135
1.376248
1.332503
1.511201
1.423926
1.235322
1.228576
1.368155
1.432823
1.107623
1.267807
1.406634
1.247241
1.611401
1.308115
1.461084
1.200564
1.443127
1.483087
1.335825
1.382044
1.443202
1.468979
1.497281
1.221049
1.508494
1.354891
1.161971
1.427401
1.462592
1.40273
1.48299
1.421593
1.179677
1.452332
1.461289
1.276405
1.218073
1.47672
1.47464
1.411592
1.510464
1.290294
1.336849
1.483788
1.50542
1.15326
2.284355
2.515561
1.234613
1.115229
1.564258
1.202909
1.23749
1.467238
1.218321
1.403526
1.17966
1.388406
1.504582
1.594396
1.348866
1.398
1.409052
0.995834
1.319654
1.2182
1.120374
1.138635
1.234824
1.457853
1.448222
1.759601
1.428992
1.218636
1.306019
1.474545
1.200327
1.481007
1.584271
1.192843
1.017904
1.362039
2.253123
1.48256
1.405457
1.197014
1.160619
1.575959
1.129159
1.240571
1.156853
1.392923
1.566288
1.358739
2.398218
1.567875
1.594688
1.342297
1.486655
1.190117
1.086511
1.193265
1.209906
1.209745
1.474085
1.30412
1.301019
2.335321
1.501744
1.286247
1.293879
1.314436
1.308287
1.498394
1.522999
1.463021
1.230602
1.229655
2.518177
1.392099
1.361723
1.384301
1.224207
1.359582
1.321276
1.241628
1.226405
1.19769
1.237983
1.395075
1.561209
1.394069
1.309115
1.148967
1.159464
1.409948
1.199641
1.189747
1.391443
1.200601
1.208164
1.293235
2.94745
2.46024
1.440634
0.955075
1.320742
1.196146
1.338411
1.305812
1.244211
1.393612
1.154418
1.52498
2.457969
1.52718
1.018265
1.404968
1.178513
1.152643
1.219726
1.185901
1.530732
1.553322
1.585785
1.342567
1.680929
1.107037
1.110913
1.485615
1.346297
1.472104
1.190262
1.444525
1.17949
1.112025
1.303832
1.39123
3.233466
2.382756
1.539407
1.230327
1.165037
1.103755
1.176613
1.167169
1.153186
1.237215
1.251701
1.363009
3.15952
1.141793
1.372802
1.422708
1.208271
1.485434
1.434241
1.510182
1.395835
1.149856
1.153214
1.310166
1.460284
1.226661
1.222913
1.547855
1.351563
1.421842
1.223334
1.126076
1.510114
1.283029
1.282348
1.502068
1.241689
2.350333
0.983902
1.24917
1.253078
1.180067
1.219564
1.105139
1.218635
1.417136
1.021148
1.258316
1.432754
1.329842
1.44656
1.300587
1.273672
1.468349
1.474758
1.484565
1.304788
1.352655
1.416797
1.097718
1.130371
2.381019
1.452289
1.288826
1.402545
1.21983
1.161767
1.117279
1.493806
1.169016
1.159796
1.171314
1.1318
1.622814
1.507406
1.471763
1.557471
1.43952
1.212191
1.209308
1.287368
1.263204
1.455512
1.262886
2.410605
1.180749
1.359075
1.203863
1.131389
1.144723
1.358039
1.061905
1.496592
1.274966
1.384965
1.170375
1.874738
1.44552
1.219633
1.310948
1.235692
1.341069
1.598387
1.369474
1.477268
1.220984
1.249947
1.122771
1.156039
1.676776
1.214094
1.129091
1.337698
1.640971
1.457111
1.465143
1.505436
1.462241
1.217568
1.150191
1.593074
1.394858
1.471423
1.172914
1.513281
1.268046
1.198412
1.372553
1.183149
1.594343
1.220654
1.209426
2.09412
1.190726
1.221354
1.321786
1.212742
1.023374
1.262048
1.182237
1.204473
1.480546
1.475419
1.265112
1.419564
2.391844
2.292616
1.209968
1.469218
1.570951
1.179136
1.107743
1.246772
1.226281
1.460632
1.204607
1.428052
2.478255
1.219968
1.206397
1.424144
1.458138
1.183435
1.246088
1.129138
1.323561
1.207245
1.505466
2.362805
1.510017
1.268829
1.264195
1.485125
1.378495
1.229978
1.390649
1.221624
1.2234
1.312342
1.122216
1.277218
2.504247
1.210504
1.369582
1.244465
1.518934
1.519806
1.167702
1.247884
1.507811
1.257967
1.05731
1.145639
1.137898
1.297387
1.415804
1.437224
1.1606
1.091205
1.250995
1.368219
1.368542
1.228361
1.154133
1.322025
2.333924
1.246149
1.429738
1.197621
1.50508
1.327839
1.258056
1.463768
1.185992
1.533876
1.239431
1.100411
2.24838
1.094962
1.077857
1.307678
1.431852
1.068569
1.537646
1.392982
1.21533
1.5053
1.249987
1.447079
2.431369
1.547212
1.510475
1.570648
1.20327
1.227781
1.256265
1.024646
1.527657
1.184357
1.147593
1.308215
1.505744
1.88692
1.399898
1.123519
1.305336
1.521397
1.142608
1.437936
1.422883
1.455677
1.521989
1.460697
1.335628
1.351836
1.115797
1.4776
1.237384
1.478403
1.242127
1.204996
1.15758
1.1932
1.316083
1.216251
1.697244
1.239116
1.251163
1.250792
1.465595
1.20319
1.245249
1.225438
1.457461
1.486568
1.469014
1.04774
2.365795
1.508128
1.454729
1.457348
1.248288
1.443595
1.343807
1.253804
1.454996
1.472663
1.165162
1.378893
2.330983
1.468223
1.477995
1.387537
1.471261
1.49724
1.642679
1.195717
1.44485
1.453842
1.231769
1.556977
2.489255
1.402848
1.4288
1.442861
1.066958
1.200963
1.283636
1.320351
1.528855
1.247319
1.141693
1.936543
1.23685
1.327672
1.494154
1.204636
1.316489
1.235675
1.164014
1.24861
1.170476
1.058674
1.201892
1.214749
2.860181
1.209975
1.217229
1.443539
1.422885
1.385005
1.177028
1.285869
1.552033
1.207969
1.486705
1.397693
2.301382
1.457729
1.43069
1.609129
1.283822
1.584769
1.251891
1.496521
1.303101
1.540049
1.267361
1.313622
1.237242
1.645646
1.319634
1.458247
1.474061
1.472685
1.268488
1.575435
1.242764
1.049407
1.441427
1.370828
1.446801
2.156841
1.099329
1.481935
1.486138
1.165852
1.612478
1.400784
1.201054
1.431163
1.473216
1.156278
1.089624
2.696547
1.155634
1.460487
1.46817
1.248328
1.126568
1.148431
1.225153
1.393851
1.102857
1.358595
1.317596
2.007624
1.486936
1.454659
1.230567
1.556055
1.463298
1.628673
1.445904
1.242006
1.471657
1.469568
2.589076
1.500879
1.527941
1.18468
1.17981
1.481848
1.232302
1.149461
1.539302
1.500801
0.95655
1.535135
1.584976
1.303538
1.384679
1.394913
1.249642
1.60053
1.365553
1.469261
1.158754
1.381174
1.387301
1.539664
1.059366
1.7459
1.304369
1.4681
1.485792
1.430445
1.213471
1.339767
1.200604
1.259148
1.311644
1.247494
1.17397
2.397989
1.324174
1.133673
1.26202
1.283313
1.397589
1.146047
1.505105
1.292283
1.258586
1.457175
2.575993
1.180298
1.291745
1.548039
1.501951
1.2885
1.401246
1.51277
1.21439
1.516653
1.214099
1.549432
2.519452
1.235674
1.216037
1.544921
1.355274
1.499311
1.25753
1.240521
1.461602
1.255108
1.27455
1.239729
1.277592
2.184985
1.506743
1.207766
1.142399
1.501158
1.49106
1.416371
1.580473
1.238811
1.202299
1.227645
2.534177
2.391644
1.141235
1.341233
1.159706
1.584601
1.060635
1.616333
1.229396
1.574143
1.020953
1.275988
1.290433
1.346847
1.324474
1.559391
1.395051
1.481173
1.135614
1.275744
1.571032
1.345287
1.26529
1.43585
1.322251
2.251336
1.431905
1.371522
1.224003
1.186144
1.557216
1.293285
1.537303
1.499212
1.397812
1.522508
2.562674
2.137241
1.210141
1.521606
1.164692
1.599529
1.540939
1.455796
1.249087
1.433106
1.245897
1.170431
1.44135
1.711262
1.246574
1.233659
1.270481
1.317374
1.438109
1.521383
1.462664
1.208852
1.225556
1.36245
1.096258
1.57796
1.405086
1.344504
1.233407
1.384499
1.26009
1.150533
1.448264
1.480432
1.578274
1.336653
3.480715
2.982801
1.558527
1.589268
1.042202
1.463828
1.571896
1.342423
1.412856
1.34786
1.173741
1.121705
1.402362
2.528024
1.56514
1.485152
1.159554
1.25939
1.24441
1.536846
1.413218
1.150425
1.224431
1.494205
1.424429
1.247567
1.520286
1.203628
1.43474
1.503123
1.217394
1.404254
1.327164
1.127976
1.556825
1.646082
2.459878
1.455855
1.425176
1.418793
1.428965
1.295044
1.239714
1.287515
1.51543
1.44869
1.17001
1.429914
1.331931
2.488034
1.286877
1.574545
1.386498
1.093442
2.190284
1.312335
1.229136
1.195438
1.232239
1.214152
1.026857
1.583923
1.202249
1.514694
1.250749
1.150777
1.093336
1.274195
0.969216
1.496788
1.081043
1.494282
1.23938
1.310637
1.256754
1.476103
1.321387
1.488576
1.381895
1.459905
1.501065
1.310702
1.215899
1.553444
1.264634
2.178276
1.341331
1.520669
1.496133
1.552541
1.483613
1.48502
1.264441
1.509982
1.348421
1.519746
1.530977
1.439314
1.16367
1.503605
1.410427
1.238662
1.447267
1.202947
1.500432
1.32333
1.36035
1.168467
1.4433
1.490802
1.21403
1.346232
1.421423
1.430804
1.114229
1.53331
0.953883
1.469071
1.409306
1.340451
1.167338
1.289957
1.227289
1.522752
1.441422
1.540324
1.161136
1.199649
1.487066
1.371681
0.949939
1.357537
1.53803
1.659293
1.422764
1.319384
0.987907
1.498778
1.384584
1.454939
1.493282
1.321813
1.07863
1.493791
1.179067
1.26935
1.448074
1.140482
1.298966
1.402386
1.325793
1.422108
1.2467
1.529894
1.3649
1.570308
1.085771
2.390234
2.224753
1.297165
1.449302
1.294011
1.181175
1.187741
1.493744
1.173581
1.069793
1.20075
1.548272
1.127343
1.770967
1.142305
1.256122
1.449322
1.543477
1.519898
1.41347
1.112692
1.607617
1.543876
1.291898
1.416455
1.702121
1.286168
1.101696
1.256119
1.496246
1.321902
1.388987
1.491123
1.273582
1.37733
1.093939
2.406692
1.397068
1.167309
1.207042
1.152547
1.259483
1.406361
1.511551
1.552903
1.192619
1.252888
1.271412
2.489783
1.52012
1.491918
1.442343
1.29215
1.337536
1.27682
1.104718
1.441965
1.395983
1.205597
1.474411
2.428566
1.223114
1.303153
1.403922
1.472016
1.304402
1.29475
1.390122
1.153516
1.249952
1.495278
1.397793
1.724539
1.357816
1.355649
1.091444
1.544972
1.401983
1.282651
1.216063
1.436548
1.160182
1.421399
1.32433
2.365797
1.179273
1.263975
1.380437
1.416
1.523586
1.492093
1.413636
1.200112
1.269703
1.435228
1.405482
1.514384
2.847324
1.524321
1.386745
1.499563
1.107092
1.169294
1.258325
1.494658
1.134573
1.271036
1.434677
1.245541
1.298102
1.202441
1.225245
1.255053
1.28201
1.02321
1.640148
1.300997
1.570298
1.516483
1.425045
3.049929
1.24579
1.533125
1.531873
1.369251
1.314814
1.450817
1.132185
1.552016
1.486373
1.265225
1.376489
1.503079
1.386737
1.207521
1.156995
1.488096
1.459352
2.553193
1.288014
1.525788
1.283929
1.522501
1.562202
1.536915
1.897671
1.397007
1.169883
1.232242
1.399016
1.277271
1.503405
1.551225
1.265997
1.508088
1.310636
2.487158
1.93422
1.077464
1.447611
1.446314
1.234954
1.290955
1.209731
1.212637
1.445687
1.365347
1.416431
1.48184
2.137951
1.536092
1.317833
1.513248
1.26288
1.246577
1.391268
1.291262
1.515803
1.349095
1.478559
1.291672
1.457619
1.511356
1.190174
1.648636
1.342831
1.536532
1.528564
1.496422
1.342271
1.522215
1.280785
1.363738
1.339004
1.130779
1.212423
1.415473
1.199909
1.269025
1.196411
1.315571
1.234611
1.597629
1.041863
1.3979
2.563865
1.525606
1.498261
1.276873
1.373078
1.485022
1.667638
1.302427
1.437201
1.601695
1.405709
2.267209
1.263744
1.280065
1.261878
1.340336
0.940471
1.471452
1.555157
1.412806
1.532572
1.169285
1.443723
1.186314
1.183685
1.606217
1.15405
1.223455
1.309331
1.318973
1.524135
1.571095
1.05354
1.154196
1.35894
2.581103
1.524699
1.234313
1.53296
1.534671
1.357901
1.336324
1.465883
1.318926
1.505989
1.373158
1.223695
1.342782
2.499666
1.370249
1.251651
1.547746
1.358481
1.49798
1.218339
1.363074
1.370254
1.587723
1.512592
1.168447
2.442556
1.388331
1.372155
1.194926
1.638464
1.537092
1.42717
1.374018
1.327191
1.457224
1.418483
1.452195
2.475266
1.320111
1.075322
1.507326
1.21818
1.238585
1.494306
1.585934
1.406822
1.495808
1.537038
1.275235
1.483216
1.330891
1.303176
1.236716
1.28601
1.336242
1.494095
1.436342
1.194222
1.257708
1.407583
1.166592
1.740993
1.269791
1.05104
1.584306
1.097014
1.43361
1.03486
1.401302
1.494828
1.570197
1.298438
1.502471
2.176812
2.400899
1.246351
1.415578
1.513201
1.504411
1.271814
1.369197
1.46336
1.218643
1.288141
1.542697
1.290489
1.49626
1.62619
1.487056
1.44374
1.425287
2.546559
1.35381
0.99378
1.413007
1.294906
1.317872
2.349438
1.601928
1.227613
1.26136
1.14991
1.550352
1.233969
1.208205
1.235782
1.511386
1.506858
1.247721
3.115874
2.97146
1.458953
1.298095
1.698345
1.310364
1.314809
1.591816
1.254939
1.266208
1.429486
1.365266
2.560721
1.270766
1.537969
1.309643
1.251725
1.514032
1.331717
1.397986
1.178128
1.570692
1.537828
1.238562
1.222385
1.188002
1.479711
1.546629
1.487833
1.219811
1.413581
1.574609
1.196101
1.131519
1.256358
1.225044
2.41873
1.275193
1.5628
1.492071
1.206593
1.295763
1.273669
1.339091
1.250824
1.292249
1.32313
1.191243
2.471184
1.315855
1.084169
1.116032
1.521108
1.546966
1.497669
1.262667
1.425065
1.429889
1.462326
1.534112
2.516568
1.467819
1.278915
1.474428
1.017414
1.292404
1.262538
1.286868
1.478565
1.473151
1.292618
1.213191
1.422414
2.067067
1.327645
1.002064
1.286179
1.619709
1.552285
1.488259
1.422522
1.398138
1.389174
1.37901
1.577624
1.122353
1.29117
1.445006
1.274918
1.560551
1.470821
1.368988
1.58091
1.301017
1.552271
1.492701
2.490982
1.329443
1.483365
1.281258
1.24335
1.441323
1.333192
1.633733
1.177401
1.613501
1.510298
1.458041
2.505073
1.475245
1.336587
1.253363
1.309183
1.510878
1.200184
1.513575
1.267759
1.309553
1.442482
1.411359
2.433629
1.186461
1.474687
1.48415
1.064533
1.338299
1.540364
1.315537
1.218168
1.251695
1.264339
1.519886
1.287954
2.255671
1.328929
1.236609
1.53941
1.362792
1.52291
1.512265
1.426858
1.222401
1.496373
1.49072
1.257577
2.192494
1.407908
1.408621
1.131787
1.468344
1.28031
1.555537
1.250449
1.395265
1.427898
1.373336
1.378871
2.422406
1.43714
1.51284
1.39134
1.368691
1.59883
1.483509
1.423167
1.279171
1.524487
1.461711
1.174029
2.105201
1.151437
1.292457
1.567449
1.529639
1.133133
1.531858
1.448469
1.202281
1.313981
1.279238
1.295241
1.22311
1.33124
1.348823
1.218621
1.298803
1.472856
1.154664
1.118579
1.282852
1.617176
1.309295
1.396911
1.152891
1.496032
1.48216
1.367818
1.609116
1.308397
1.523366
1.475041
1.614823
1.555767
1.537041
1.380078
1.464191
1.207215
1.667811
1.488444
1.344424
1.059358
1.370543
1.47582
1.289773
1.502301
1.27791
2.064604
1.219603
1.325051
1.576148
1.544953
1.325525
1.516415
1.250267
1.467152
1.537612
0.955695
1.220352
1.518411
1.411325
1.233053
1.325563
1.223449
1.190408
1.212847
1.208588
1.536322
1.495291
1.185839
1.20342
1.325596
2.417314
1.282403
1.33673
1.272379
1.712268
1.317068
1.385904
1.302537
1.610872
1.416359
1.368389
1.231079
1.581214
1.263901
1.220921
1.492732
1.475073
1.142953
1.251053
1.350345
1.172966
1.120952
1.266222
1.462003
2.255344
1.394203
1.504849
1.371346
1.461402
1.3194
1.327921
1.261268
1.511797
1.487761
1.495116
1.421182
2.566065
1.299051
1.581416
1.303083
1.20046
1.428981
1.496065
1.438809
1.227273
1.360403
1.161623
1.207966
1.523082
1.380467
1.382778
1.226568
1.220647
2.514868
1.491076
1.104606
1.380103
1.443068
1.429814
1.294782
1.874582
1.341389
1.508804
1.539396
1.462128
1.491233
1.489351
1.243842
1.208695
1.120328
1.229578
1.277815
1.332734
1.324509
1.358629
1.513435
1.315401
1.221513
1.259137
1.252651
1.215268
1.162026
1.297612
1.580808
2.402067
1.846273
1.362308
1.328253
1.266469
1.323204
1.448282
1.46347
1.337347
1.363472
1.548055
1.379983
2.279851
1.448221
1.159401
1.303163
1.406007
1.318952
1.509563
1.217162
1.377409
1.425021
1.574238
1.469215
1.332446
1.49026
1.196122
1.476584
1.212236
1.43007
1.064347
1.697575
1.475097
1.304441
1.621488
1.268707
1.330186
1.224119
1.279899
1.29189
1.302394
1.334293
1.602174
1.255136
1.448796
1.298839
1.561354
1.48277
2.663262
1.531589
1.084368
1.568691
1.018482
1.258573
1.514453
1.510979
1.651489
1.34187
1.307921
1.513333
2.767975
1.278772
1.55673
1.3371
1.444286
1.274277
1.427372
1.272284
1.283734
1.295335
1.227398
1.376103
2.055622
1.35271
1.485613
1.583408
1.353643
1.531674
1.488611
1.381695
1.361108
1.314619
1.224352
1.478862
1.431431
1.494406
1.544941
1.508213
1.331445
1.44211
1.465638
1.583983
1.619215
1.339342
1.568737
1.434253
2.461742
1.397255
1.579144
1.404255
1.443822
1.025528
1.211672
1.17648
1.528677
1.237479
1.292395
1.399464
1.366405
1.522115
1.284647
1.188986
1.144349
1.336511
1.577193
1.082448
1.499475
1.27504
1.462662
1.496079
2.376212
2.284745
1.318278
1.370715
1.551417
1.388872
1.220065
1.11934
1.495538
1.494134
1.566003
1.351407
2.608753
1.538072
1.477688
1.512234
1.191594
1.364355
1.503309
1.118474
1.302083
1.534099
1.236913
1.551731
1.59647
2.513959
1.286435
1.112895
1.584479
1.329772
1.394303
1.304421
1.3409
1.545114
1.308456
1.080268
1.335665
1.395271
1.272772
1.501375
1.365472
1.270278
1.303277
1.497363
1.313509
1.494494
1.470916
1.589103
2.549558
1.273555
1.297793
1.635696
1.341457
1.322566
2.569899
1.338372
1.333382
1.269154
1.44905
1.444343
1.59757
1.589787
2.395742
1.394295
1.241041
1.463162
1.427226
1.158938
1.476109
1.516247
1.318865
1.36533
1.412073
1.404849
1.48704
0.96003
1.632868
1.31758
1.495688
1.086062
1.539403
1.545271
1.336408
1.328222
2.466384
1.282573
1.42439
1.532729
1.312444
1.279903
1.497408
1.626702
1.445255
1.445479
1.517341
1.678383
2.208398
1.277613
1.355248
1.193085
1.349133
1.507199
1.588044
1.249852
1.379719
1.231715
1.372441
1.554736
2.450277
1.379022
1.520114
1.649555
1.198784
1.29817
1.147489
1.561751
1.278406
1.438824
1.588312
1.430813
1.621981
1.648928
1.451587
1.422538
1.526735
1.569581
1.3341
1.331538
1.5403
1.26873
1.465999
1.189857
1.347006
1.471366
1.464135
1.327907
1.335187
1.249517
1.23342
1.405342
1.211864
1.487245
1.51104
1.603882
1.797996
1.253211
1.495254
1.527436
1.565285
1.301091
1.495823
1.390589
1.278642
1.14103
1.360217
1.241564
1.898842
1.476445
1.439618
1.078158
1.583065
1.556758
1.536925
1.443907
1.490312
1.192152
1.311469
1.309376
2.168347
1.489558
1.280603
1.468405
1.496881
1.620922
1.368867
1.199604
1.42689
1.292105
1.449683
1.434424
1.487112
1.908572
1.417374
1.186093
1.380469
1.320244
1.500763
1.48407
1.276309
1.542641
1.533074
1.210881
1.369931
1.463691
1.415989
1.470802
1.353946
1.399674
1.481197
1.595069
1.511625
1.308413
1.282564
1.470114
1.502257
2.20669
2.782457
1.27851
1.378428
1.524323
1.341424
1.269512
1.532813
1.162834
1.429503
1.284661
1.524821
2.364021
1.578867
1.505442
1.521934
1.268153
1.383334
1.495789
1.453039
1.548965
1.318257
1.521736
1.095827
1.506486
1.492455
1.076369
1.502537
1.20696
1.442374
1.515193
1.213859
1.260198
1.518452
1.500777
1.260007
1.499144
2.559107
1.498252
1.161858
1.561257
1.504433
1.427011
1.343929
1.268723
1.498205
1.222992
1.259485
1.219197
1.404699
1.456095
1.472864
1.283177
1.485384
1.014194
1.392349
1.246023
1.328807
1.50705
3.042041
2.809665
1.213719
1.528442
1.543204
1.45711
1.599791
1.269584
1.549065
1.415559
1.51028
1.259844
1.312896
2.193693
2.469239
1.418626
1.59881
1.424421
1.5808
1.30855
1.487315
1.371433
1.501601
1.475352
1.520442
1.837153
1.442841
1.388448
1.509733
1.304706
1.542446
1.200995
1.557631
1.145752
1.44807
0.997764
1.383347
1.29675
1.204611
1.269742
1.203732
1.14855
1.315044
1.28473
1.225317
1.058884
1.501979
1.406083
2.387906
2.155132
1.245183
1.416295
1.448369
1.256215
1.651071
1.044411
1.237736
1.388143
1.261346
1.367791
1.557264
2.561582
1.399593
1.214532
1.511198
1.317149
1.528984
1.415738
1.594458
1.293269
1.206069
1.514191
1.441859
1.327831
1.314317
1.101623
1.503094
1.506682
1.213785
1.249871
1.311589
1.52578
1.182293
1.25893
1.508603
1.498686
1.49884
1.535229
1.474691
1.284825
1.282263
1.269423
1.334034
1.563134
1.271053
1.5022
1.233305
2.35365
1.197965
1.559732
1.237456
1.270479
1.371049
1.403454
1.407586
1.254359
1.241355
1.516818
1.410029
1.858292
1.503281
1.166749
1.416639
1.411309
1.164873
1.518585
1.416567
1.464741
1.543611
1.480792
1.112197
2.185493
1.529739
1.097288
1.351211
1.579006
1.256936
1.235788
1.249126
1.527837
1.513864
1.504882
1.548971
1.444447
1.488311
1.281332
1.404508
1.468474
1.524109
1.659844
1.359422
1.204014
1.539517
1.517641
1.676456
1.675634
1.419034
1.334222
1.436042
1.441927
1.398814
1.404672
1.523252
1.42875
1.382708
1.298316
1.307861
1.249404
2.059855
1.474538
1.493006
1.350154
1.606489
1.253025
1.413668
1.446379
1.417292
1.536332
1.429428
2.662044
1.461165
1.508467
1.196702
1.050626
1.39877
1.580999
1.295635
1.312376
1.141151
1.376403
1.455754
1.24907
3.48019
1.455293
1.360789
1.578227
1.543588
1.307585
1.205697
1.49092
1.623619
1.335395
1.413068
1.544167
1.14247
1.103204
1.570492
1.599657
1.484474
1.288685
1.250679
1.416084
1.188369
1.220535
1.306635
2.426555
1.252622
1.15714
1.370634
1.377199
1.587245
1.488278
1.097806
1.435039
1.49553
1.04024
1.539663
3.36084
1.452678
1.264686
1.30724
1.509352
1.275009
1.199212
1.308316
1.456967
1.288402
1.020427
1.417966
2.410693
1.628259
1.470187
1.522134
1.526432
0.979514
1.46408
1.308619
1.247399
1.292849
1.249269
1.570604
1.5313
3.447703
1.435047
1.57689
1.308569
1.425865
1.352934
1.603397
1.352446
1.319032
1.416444
1.360709
2.429932
2.01422
1.517906
1.46493
1.205917
1.295881
1.282202
1.449422
1.438873
1.313747
1.323982
1.512428
1.382888
1.519229
1.423878
1.478111
1.503177
1.299179
1.305717
1.615414
1.308731
1.493006
1.314261
1.542886
1.409073
1.353879
1.31734
1.614942
1.508398
1.522215
1.497923
1.336159
1.131653
1.33867
1.296975
1.255937
1.224143
2.440985
2.354526
1.453922
1.131275
1.530993
1.431794
1.521611
1.447213
1.497394
1.627326
1.332306
1.551264
2.385168
1.429937
1.319742
1.390995
1.48156
3.437684
1.5264
1.531763
1.417866
1.303616
1.504284
1.037763
1.448633
1.517043
1.286808
1.477875
1.309163
1.504636
1.041276
1.540323
1.174465
1.157665
1.536944
1.378217
2.557266
1.469395
1.489935
1.394998
1.380444
1.394037
1.508938
1.449339
1.392298
1.46861
1.548248
1.520546
1.866898
2.485029
1.488916
1.539783
1.198956
1.170189
1.295315
1.558976
1.545898
1.355959
1.479049
2.670594
1.978479
1.426476
1.566643
1.557907
1.48393
1.436453
1.450152
1.275291
1.327248
1.435876
1.539385
1.3114
2.133936
1.498571
1.458004
1.276745
1.462046
1.37029
1.601523
1.500626
1.199058
1.331467
1.167587
2.800661
1.521672
1.306597
1.467332
1.522043
1.537841
1.558961
1.505954
1.282119
1.471997
1.258708
1.203546
1.396775
1.315815
1.434878
1.306117
1.488673
1.182666
1.397838
1.566763
1.301229
1.255392
1.41818
1.330454
1.496869
2.391817
1.320259
1.232174
1.333156
1.284038
1.491769
1.471245
1.443067
1.416384
1.026514
1.324622
1.130499
3.441373
1.385198
1.594487
1.185973
1.399699
1.261199
1.253177
1.223638
1.274368
1.572664
1.255628
1.286485
2.460063
1.289565
1.33665
0.989712
1.509473
1.264571
1.365265
1.344846
1.369223
1.463347
1.536925
1.221628
1.429279
1.707937
1.363694
1.430708
1.482485
1.627762
1.32079
1.460374
1.38694
1.288346
1.423536
2.456004
2.400993
1.529032
1.552032
1.491987
1.21558
1.54591
1.571061
1.672113
1.32109
1.33438
1.080892
1.39797
2.561002
1.202774
1.342108
1.295389
1.405442
1.460454
1.304491
1.304109
1.432017
1.450151
1.478392
2.450625
1.298323
1.410813
1.368401
1.509426
1.591079
1.438268
2.663679
1.215806
1.35523
1.418808
1.525997
1.515321
1.468633
1.361749
1.486341
1.294126
1.5326
1.521693
1.465461
1.497612
1.280503
1.567946
1.452074
1.086957
2.398375
1.2602
1.158427
1.307875
1.384817
1.232646
1.242127
1.257019
1.277089
1.293259
1.320683
1.49266
2.516957
1.35714
1.358501
0.977247
1.234918
1.057309
1.357646
1.522626
1.382645
1.323024
1.594714
1.477943
1.53183
1.420738
1.261303
1.437366
1.371272
1.281824
1.345291
1.257863
1.506743
1.272298
1.487158
1.205264
1.500714
1.519704
1.265155
1.430812
1.262069
1.074864
1.511643
1.2491
1.410634
1.039316
1.306265
1.539734
2.561351
1.008435
1.334263
1.36866
1.608766
1.11452
1.407741
1.22786
1.510661
1.464813
1.438179
1.589367
2.550407
1.423691
1.400676
1.229014
1.448515
1.502287
1.338677
1.332948
1.298098
1.56423
1.24306
1.228272
2.588239
1.390457
1.257104
1.21323
1.675993
1.539797
1.332167
1.497205
1.381136
1.396209
1.347915
1.511493
1.520969
1.581176
1.50241
1.498154
1.318943
1.27915
1.468854
1.573969
1.366433
1.532794
1.456053
1.32458
2.307232
1.379964
1.497243
1.554594
1.536409
1.381613
1.453732
1.559255
1.220621
1.627739
1.521187
1.311576
1.245741
2.480686
1.285255
1.543607
1.590176
1.383043
1.462905
1.467942
1.636726
1.463055
1.51031
1.501453
2.878499
1.438246
1.247359
1.48323
1.330504
0.99633
0.973563
1.242762
1.390427
1.299539
1.272265
1.123475
1.35392
2.076164
0.98702
0.92367
1.471521
1.259386
1.193459
1.555602
1.342892
1.459826
1.308488
1.407242
1.162647
1.371486
1.388427
1.145497
